method,seed,loss_start_time,loss_duration,loss_end_time,success,recovered,retained_recovery,rmse,steady_rmse,stable_ratio,capture_time,recovery_time,retained_settling_time,loss_window_peak_error,post_loss_peak_error,forward_overshoot,post_loss_forward_overshoot,command_smoothness,max_command_change,final_error,final_relative_speed,initial_uav_x,initial_uav_y,ugv_vx
PD+FF,1000,3.0,0.0,3.0,True,True,True,0.39136920259042873,0.0498858334477673,0.7275,5.45,2.45,2.45,0.0,0.46239152550697327,0.0,0.0,9.253983989765402e-06,0.011309412308037281,0.00018216944590676576,8.522508869646117e-05,-1.2179213762283325,0.20768369734287262,0.34128254652023315
PD+FF,1001,3.0,0.0,3.0,True,True,True,0.41132993506816545,0.05017564786796571,0.7275,5.45,2.45,2.45,0.0,0.4650852084159851,0.0,0.0,1.2107148904760834e-05,0.012563809752464294,0.0001892554573714733,8.807434642221779e-05,-1.0811076164245605,-0.9685990810394287,0.25630688667297363
PD+FF,1002,3.0,0.0,3.0,True,True,True,0.48672124605415235,0.06424156060945477,0.7,6.0,3.0,3.0,0.0,0.5954186320304871,0.0,0.0,9.875688192551024e-06,0.012706439010798931,0.0002367127890465781,0.00010997827484970912,-1.428768277168274,-0.28562131524086,0.4242836833000183
PD+FF,1003,3.0,0.0,3.0,True,True,True,0.5702424958963775,0.0744303737563496,0.6825,6.3500000000000005,3.3500000000000005,3.3500000000000005,0.0,0.6898513436317444,0.0,0.0,1.3503862646757625e-05,0.01448912639170885,0.00027939255232922733,0.0001302628224948421,-1.7183640003204346,-0.48658838868141174,0.34840381145477295
PD+FF,1004,3.0,0.0,3.0,True,True,True,0.6472413327880703,0.08279843590836816,0.6725,6.550000000000001,3.5500000000000007,3.5500000000000007,0.0,0.7674297094345093,0.0,0.0,1.9440163669059984e-05,0.017156504094600677,0.0003115232684649527,0.0001450748968636617,-1.998679280281067,-0.7396973967552185,0.24154320359230042
PD+FF,1005,3.0,0.0,3.0,True,True,True,0.6315238411553381,0.08100856202219854,0.675,6.5,3.5,3.5,0.0,0.7508432865142822,0.0,0.0,1.8657719920156524e-05,0.016464684158563614,0.0003047782520297915,0.00014202846796251833,-1.8766711950302124,0.8611240983009338,0.28618520498275757
PD+FF,1006,3.0,0.0,3.0,True,True,True,0.4673650982127279,0.059480900027275074,0.7075,5.8500000000000005,2.8500000000000005,2.8500000000000005,0.0,0.5513181686401367,0.0,0.0,1.291574244532967e-05,0.013271658681333065,0.0002086157473968342,9.824447624851018e-05,-1.4946178197860718,0.20171388983726501,0.28934937715530396
PD+FF,1007,3.0,0.0,3.0,True,True,True,0.6590248995585948,0.08976596560348055,0.6625,6.75,3.75,3.75,0.0,0.8318341374397278,0.0,0.0,1.2814587535103783e-05,0.013735984452068806,0.00032426786492578685,0.00015194929437711835,-1.8931626081466675,0.6319606900215149,0.39287856221199036
PD+FF,1008,3.0,0.0,3.0,True,True,True,0.5649934098469755,0.07190040612780797,0.6875,6.25,3.25,3.25,0.0,0.6664354801177979,0.0,0.0,1.7375461538904347e-05,0.015731336548924446,0.00025792987435124815,0.00012115007848478854,-1.749120831489563,0.6261014938354492,0.26522985100746155
PD+FF,1009,3.0,0.0,3.0,True,True,True,0.5897301692318037,0.07501934410414626,0.6825,6.3500000000000005,3.3500000000000005,3.3500000000000005,0.0,0.6953380703926086,0.0,0.0,1.7958480384550057e-05,0.016424525529146194,0.0002777756890282035,0.00012928456999361515,-1.9152493476867676,-0.3461688160896301,0.2149554342031479
PD+FF,1010,3.0,0.0,3.0,True,True,True,0.669784710034737,0.09935972205801859,0.6525,6.95,3.95,3.95,0.0,0.9195360541343689,0.0,0.0,7.943538548715878e-06,0.011787151917815208,0.0003825050953309983,0.00017739208124112338,-1.8575115203857422,0.07161146402359009,0.4753030240535736
PD+FF,1011,3.0,0.0,3.0,True,True,True,0.4848319950331099,0.061548378692955985,0.705,5.9,2.9000000000000004,2.9000000000000004,0.0,0.5704866647720337,0.0,0.0,1.3891313756175805e-05,0.013753852806985378,0.00022026598162483424,0.00010332273814128712,-1.57381272315979,0.12664707005023956,0.26378002762794495
PD+FF,1012,3.0,0.0,3.0,True,True,True,0.49596547974684563,0.06263517431593733,0.7025,5.95,2.95,2.95,0.0,0.580564558506012,0.0,0.0,1.5104847989277914e-05,0.014041231945157051,0.00022886469378136098,0.00010705483873607591,-1.5405192375183105,0.561293363571167,0.2715309262275696
PD+FF,1013,3.0,0.0,3.0,True,True,True,0.34751963169154154,0.04315329184694817,0.7425,5.15,2.1500000000000004,2.1500000000000004,0.0,0.399991899728775,0.0,0.0,8.645255547889974e-06,0.010300816036760807,0.0001675401726970449,7.779265433782712e-05,-0.8082606196403503,-0.8420410752296448,0.401797890663147
PD+FF,1014,3.0,0.0,3.0,True,True,True,0.47035271408178286,0.06307174246165206,0.7025,5.95,2.95,2.95,0.0,0.5845673680305481,0.0,0.0,8.174680260708556e-06,0.011730053462088108,0.0002477251982782036,0.00011487104347907007,-1.3467140197753906,0.1714046150445938,0.4693894386291504
PD+FF,1015,3.0,0.0,3.0,True,True,True,0.4849007343402186,0.06344073687722696,0.7,6.0,3.0,3.0,0.0,0.5880197286605835,0.0,0.0,1.0737347110989504e-05,0.01325275469571352,0.0002286761737195775,0.00010717355326050892,-1.4601455926895142,0.21413566172122955,0.39239153265953064
PD+FF,1016,3.0,0.0,3.0,True,True,True,0.523944202773205,0.0675407599876095,0.695,6.1000000000000005,3.1000000000000005,3.1000000000000005,0.0,0.6260214447975159,0.0,0.0,1.3606318134407047e-05,0.014452640898525715,0.0002592314558569342,0.0001204273576149717,-1.6580126285552979,-0.11461202055215836,0.3060871958732605
PD+FF,1017,3.0,0.0,3.0,True,True,True,0.28519752841121065,0.03620952195942351,0.7625,4.75,1.75,1.75,0.0,0.33563873171806335,0.0,0.0,5.959328973403899e-06,0.008361628279089928,0.0001299832365475595,6.0997186665190384e-05,-0.62247234582901,0.6426637768745422,0.4917738139629364
PD+FF,1018,3.0,0.0,3.0,True,True,True,0.3848990472020418,0.05073090086192368,0.725,5.5,2.5,2.5,0.0,0.4702049493789673,0.0,0.0,8.032200639718212e-06,0.010755002498626709,0.0001719491119729355,8.170118235284463e-05,-1.1090368032455444,-0.0900818482041359,0.4614541530609131
PD+FF,1019,3.0,0.0,3.0,True,True,True,0.5413253223837368,0.07049151182817882,0.69,6.2,3.2,3.2,0.0,0.6533508896827698,0.0,0.0,1.2651531505980529e-05,0.014506306499242783,0.0002499657275620848,0.0001174947974504903,-1.674609661102295,-0.20800989866256714,0.34006524085998535
PD+FF,1020,3.0,0.0,3.0,True,True,True,0.3516785214818252,0.04321227714740972,0.7425,5.15,2.1500000000000004,2.1500000000000004,0.0,0.40054503083229065,0.0,0.0,8.466949111607391e-06,0.010744811035692692,0.00016398723528254777,7.610748434672132e-05,-1.1319496631622314,-0.4326494336128235,0.2227078378200531
PD+FF,1021,3.0,0.0,3.0,True,True,True,0.5578307176501182,0.07572476704069166,0.6825,6.3500000000000005,3.3500000000000005,3.3500000000000005,0.0,0.7017393708229065,0.0,0.0,1.1136644388898276e-05,0.011856011115014553,0.00027326575946062803,0.0001280457800021395,-1.4384177923202515,-0.8382971882820129,0.49743902683258057
PD+FF,1022,3.0,0.0,3.0,True,True,True,0.7060252962422066,0.09617323986508793,0.655,6.9,3.9000000000000004,3.9000000000000004,0.0,0.8911751508712769,0.0,0.0,1.4988871043897234e-05,0.014383488334715366,0.0003435486287344247,0.00016127314302138984,-1.999210000038147,0.8368335366249084,0.37694433331489563
PD+FF,1023,3.0,0.0,3.0,True,True,True,0.5634070232477367,0.07583523624737641,0.6825,6.3500000000000005,3.3500000000000005,3.3500000000000005,0.0,0.7028181552886963,0.0,0.0,1.1616323718044441e-05,0.0124141164124012,0.000292059441562742,0.00013524768291972578,-1.4916963577270508,0.8117974996566772,0.4728805720806122
PD+FF,1024,3.0,0.0,3.0,True,True,True,0.49306007007397995,0.06292482772691702,0.7025,5.95,2.95,2.95,0.0,0.5832400321960449,0.0,0.0,1.4109899893810507e-05,0.013781343586742878,0.00024198778555728495,0.00011246983922319487,-1.51630699634552,-0.48329436779022217,0.3110935389995575
PD+FF,1025,3.0,0.0,3.0,True,True,True,0.23797246387193213,0.02911241108497144,0.785,4.3,1.2999999999999998,1.2999999999999998,0.0,0.2698453366756439,0.0,0.0,4.064035238116048e-06,0.007569118402898312,0.00010410708637209609,4.877444007433951e-05,-0.7683239579200745,0.258014976978302,0.24864348769187927
PD+FF,1026,3.0,0.0,3.0,True,True,True,0.5404785615829938,0.0690372528292732,0.6925,6.15,3.1500000000000004,3.1500000000000004,0.0,0.6398888230323792,0.0,0.0,1.5523391994065605e-05,0.015091853216290474,0.0002507434692233801,0.00011735523003153503,-1.7438942193984985,0.19023452699184418,0.2583710551261902
PD+FF,1027,3.0,0.0,3.0,True,True,True,0.6535987210320188,0.0890684715518036,0.665,6.7,3.7,3.7,0.0,0.8253968954086304,0.0,0.0,1.1462567272246815e-05,0.013933063484728336,0.0003293035551905632,0.00015373490168713033,-1.9580382108688354,0.12429128587245941,0.36954861879348755
PD+FF,1028,3.0,0.0,3.0,True,True,True,0.26742359154788914,0.034082101368172434,0.7675,4.65,1.6500000000000004,1.6500000000000004,0.0,0.31590536236763,0.0,0.0,4.667063876695465e-06,0.00797688215970993,0.00012557105219457299,5.8620447816792876e-05,-0.7757433652877808,-0.22796711325645447,0.4025936424732208
PD+FF,1029,3.0,0.0,3.0,True,True,True,0.2721712676243171,0.03273220324584068,0.7725,4.55,1.5499999999999998,1.5499999999999998,0.0,0.3034069538116455,0.0,0.0,5.7732477216632105e-06,0.00884232483804226,0.00011888256267411634,5.567484186030924e-05,-0.7448340058326721,0.6458722352981567,0.214758962392807
PD+FF,1030,3.0,0.0,3.0,True,True,True,0.6191851169446929,0.0832429401977821,0.6725,6.550000000000001,3.5500000000000007,3.5500000000000007,0.0,0.7714437246322632,0.0,0.0,1.3882283383281901e-05,0.013323070481419563,0.00030121952295303345,0.00014150234346743673,-1.6447029113769531,-0.9496257901191711,0.4438457489013672
PD+FF,1031,3.0,0.0,3.0,True,True,True,0.3954124093163905,0.04941524147664555,0.7275,5.45,2.45,2.45,0.0,0.4580356478691101,0.0,0.0,1.0768076208478305e-05,0.011537126265466213,0.0001802272308850661,8.437269571004435e-05,-0.9611496329307556,0.9009804725646973,0.39864641427993774
PD+FF,1032,3.0,0.0,3.0,True,True,True,0.28817547323558085,0.03711699195043459,0.76,4.800000000000001,1.8000000000000007,1.8000000000000007,0.0,0.34403157234191895,0.0,0.0,5.8058112699654885e-06,0.008362779393792152,0.0001285581529373303,6.0355283494573087e-05,-0.6833899617195129,-0.5306191444396973,0.49894750118255615
PD+FF,1033,3.0,0.0,3.0,True,True,True,0.33336796669060864,0.04225906390134669,0.745,5.1000000000000005,2.1000000000000005,2.1000000000000005,0.0,0.3916991055011749,0.0,0.0,7.841154001653194e-06,0.00961918756365776,0.0001713000820018351,7.865240331739187e-05,-0.7577928304672241,0.7459949851036072,0.4761985242366791
PD+FF,1034,3.0,0.0,3.0,True,True,True,0.233052768793083,0.027834761672033338,0.79,4.2,1.2000000000000002,1.2000000000000002,0.0,0.258009135723114,0.0,0.0,4.443073976290179e-06,0.007794696372002363,0.00010485007805982605,4.883089422946796e-05,-0.5296080112457275,-0.6777904629707336,0.22327283024787903
PD+FF,1035,3.0,0.0,3.0,True,True,True,0.522029832838565,0.06999964600449743,0.69,6.2,3.2,3.2,0.0,0.6487513184547424,0.0,0.0,9.358631359646097e-06,0.012494298629462719,0.00026359205367043614,0.0001227246248163283,-1.5201642513275146,-0.23973245918750763,0.436818927526474
PD+FF,1036,3.0,0.0,3.0,True,True,True,0.5252459813660698,0.06770697695427373,0.695,6.1000000000000005,3.1000000000000005,3.1000000000000005,0.0,0.627553403377533,0.0,0.0,1.4114476471149828e-05,0.01447001937776804,0.00025260401889681816,0.00011793676094384864,-1.558912754058838,0.6018440127372742,0.34900519251823425
PD+FF,1037,3.0,0.0,3.0,True,True,True,0.5074259929647925,0.06622773723220916,0.695,6.1000000000000005,3.1000000000000005,3.1000000000000005,0.0,0.6138355135917664,0.0,0.0,1.1634341717581265e-05,0.013623314909636974,0.00024446434690617025,0.00011430310405557975,-1.5164998769760132,-0.3818822205066681,0.38270920515060425
PD+FF,1038,3.0,0.0,3.0,True,True,True,0.5201565030695375,0.06598910941080904,0.6975,6.050000000000001,3.0500000000000007,3.0500000000000007,0.0,0.6116400361061096,0.0,0.0,1.6223546481342055e-05,0.0144917918369174,0.00024105171905830503,0.00011273635027464479,-1.5098652839660645,-0.8029577136039734,0.31811848282814026
PD+FF,1039,3.0,0.0,3.0,True,True,True,0.2286804916212986,0.0288774417562381,0.785,4.3,1.2999999999999998,1.2999999999999998,0.0,0.26766547560691833,0.0,0.0,3.4817796858988004e-06,0.006991086062043905,0.00011737993190763518,5.412814425653778e-05,-0.6960156559944153,-0.0387578122317791,0.3661683201789856
PD+FF,1040,3.0,0.0,3.0,True,True,True,0.29430136815607477,0.03702843531484202,0.76,4.800000000000001,1.8000000000000007,1.8000000000000007,0.0,0.3432126045227051,0.0,0.0,6.050549018254969e-06,0.008748949505388737,0.0001421621855115518,6.683987157884985e-05,-0.7547146081924438,0.5635512471199036,0.4134989380836487
PD+FF,1041,3.0,0.0,3.0,True,True,True,0.2401630307198978,0.031131953457462964,0.7775,4.45,1.4500000000000002,1.4500000000000002,0.0,0.28857094049453735,0.0,0.0,3.854061560559785e-06,0.007169817108660936,0.00012586548109538853,5.8172099670628086e-05,-0.6478168964385986,-0.19675222039222717,0.46515655517578125
PD+FF,1042,3.0,0.0,3.0,True,True,True,0.4817689746075415,0.06264185084483485,0.7025,5.95,2.95,2.95,0.0,0.5806082487106323,0.0,0.0,1.1459576853667386e-05,0.013338420540094376,0.00023061392130330205,0.00010768110951175913,-1.463887333869934,-0.25558269023895264,0.3728010952472687
PD+FF,1043,3.0,0.0,3.0,True,True,True,0.5941879942691555,0.07644546823681421,0.68,6.4,3.4000000000000004,3.4000000000000004,0.0,0.7085438370704651,0.0,0.0,1.6782942111603916e-05,0.015799790620803833,0.00027608638629317284,0.00012926045747008175,-1.7490100860595703,-0.7958716750144958,0.31946444511413574
PD+FF,1044,3.0,0.0,3.0,True,True,True,0.6310648636748264,0.08005426287919631,0.675,6.5,3.5,3.5,0.0,0.742011547088623,0.0,0.0,2.0554389266180806e-05,0.017258545383810997,0.0002942763385362923,0.00013759471767116338,-1.981444239616394,0.7169352173805237,0.20961801707744598
PD+FF,1045,3.0,0.0,3.0,True,True,True,0.2683267128464415,0.03403334282099006,0.7675,4.65,1.6500000000000004,1.6500000000000004,0.0,0.3154463469982147,0.0,0.0,4.897060989605961e-06,0.007996262982487679,0.000123366029583849,5.847505235578865e-05,-0.7272861003875732,-0.39523494243621826,0.4158290922641754
PD+FF,1046,3.0,0.0,3.0,True,True,True,0.6510306012780208,0.0885667163365407,0.665,6.7,3.7,3.7,0.0,0.8207481503486633,0.0,0.0,1.268201413040515e-05,0.013842117041349411,0.0003236715856473893,0.00015148089732974768,-1.868130087852478,0.6265861392021179,0.39649125933647156
PD+FF,1047,3.0,0.0,3.0,True,True,True,0.36413203434462094,0.045816312393056335,0.735,5.300000000000001,2.3000000000000007,2.3000000000000007,0.0,0.42467036843299866,0.0,0.0,8.29235250421334e-06,0.010809860192239285,0.00017340652993880212,8.07183314464055e-05,-1.1699552536010742,-0.14992530643939972,0.29876548051834106
PD+FF,1048,3.0,0.0,3.0,True,True,True,0.3781713977154175,0.048478165915555496,0.73,5.4,2.4000000000000004,2.4000000000000004,0.0,0.4493231177330017,0.0,0.0,9.578472599969245e-06,0.010756651870906353,0.00016570357547607273,7.830094546079636e-05,-0.9076822996139526,-0.7630760073661804,0.4824531674385071
PD+FF,1049,3.0,0.0,3.0,True,True,True,0.5516440731617415,0.07478052172464522,0.6825,6.3500000000000005,3.3500000000000005,3.3500000000000005,0.0,0.6930474638938904,0.0,0.0,9.226735528500285e-06,0.012505079619586468,0.0002739012415986508,0.00012818216055165976,-1.6127384901046753,0.09402617067098618,0.43331217765808105
PD+FF,1050,3.0,0.0,3.0,True,True,True,0.4567083709151338,0.06132746486646338,0.705,5.9,2.9000000000000004,2.9000000000000004,0.0,0.5683982372283936,0.0,0.0,8.130743481160607e-06,0.011183705180883408,0.00022570573491975665,0.00010558211943134665,-1.2507070302963257,-0.40418457984924316,0.49881017208099365
PD+FF,1051,3.0,0.0,3.0,True,True,True,0.2959114506693642,0.03602906875401683,0.7625,4.75,1.75,1.75,0.0,0.33395513892173767,0.0,0.0,6.45936643195455e-06,0.00931263342499733,0.00013327223132364452,6.231918086996302e-05,-0.8433747291564941,-0.6024307608604431,0.2584548592567444
PD+FF,1052,3.0,0.0,3.0,True,True,True,0.5016737617977888,0.06477614581838223,0.6975,6.050000000000001,3.0500000000000007,3.0500000000000007,0.0,0.6003992557525635,0.0,0.0,1.2792404959327541e-05,0.013857802376151085,0.00023368510301224887,0.00010956959158647805,-1.577463150024414,-0.03658809885382652,0.32490968704223633
PD+FF,1053,3.0,0.0,3.0,True,True,True,0.27604522983904123,0.035383180656643545,0.765,4.7,1.7000000000000002,1.7000000000000002,0.0,0.3279598355293274,0.0,0.0,5.115535714139696e-06,0.008126680739223957,0.00012128568050684407,5.699795292457566e-05,-0.7320424914360046,-0.38764455914497375,0.44851720333099365
PD+FF,1054,3.0,0.0,3.0,True,True,True,0.6611873594487506,0.0881199775140268,0.665,6.7,3.7,3.7,0.0,0.8166781067848206,0.0,0.0,1.4456090866588056e-05,0.014762049540877342,0.0003149077820125967,0.00014781007484998554,-1.9604523181915283,0.6108824014663696,0.3443475067615509
PD+FF,1055,3.0,0.0,3.0,True,True,True,0.33794053805134483,0.04173753570441042,0.745,5.1000000000000005,2.1000000000000005,2.1000000000000005,0.0,0.38686615228652954,0.0,0.0,8.249693564721383e-06,0.010167498141527176,0.0001475450408179313,6.924118497408926e-05,-0.8035520911216736,-0.8197364807128906,0.37500709295272827
PD+FF,1056,3.0,0.0,3.0,True,True,True,0.27792016940608405,0.033799548217262235,0.77,4.6000000000000005,1.6000000000000005,1.6000000000000005,0.0,0.3132902681827545,0.0,0.0,5.943630640103947e-06,0.008749747648835182,0.00012761447578668594,5.948036050540395e-05,-0.6173267960548401,-0.7547652125358582,0.33817118406295776
PD+FF,1057,3.0,0.0,3.0,True,True,True,0.43635668159840524,0.055471427140475135,0.715,5.7,2.7,2.7,0.0,0.5141696333885193,0.0,0.0,1.1329720109642949e-05,0.012582065537571907,0.00020171543292235583,9.43007689784281e-05,-1.4013786315917969,-0.020997419953346252,0.2980625629425049
PD+FF,1058,3.0,0.0,3.0,True,True,True,0.6558837657307224,0.08690710178965226,0.6675,6.65,3.6500000000000004,3.6500000000000004,0.0,0.8054513931274414,0.0,0.0,1.5057858945510816e-05,0.014890632592141628,0.0003242169041186571,0.00015129866369534284,-1.9344123601913452,-0.6835842132568359,0.34246277809143066
PD+FF,1059,3.0,0.0,3.0,True,True,True,0.4285553702296696,0.054593743898422024,0.7175,5.65,2.6500000000000004,2.6500000000000004,0.0,0.5060221552848816,0.0,0.0,1.1081616321462207e-05,0.012188461609184742,0.0002090749330818653,9.724652773002163e-05,-1.3239208459854126,-0.34795770049095154,0.3298633396625519
PD+FF,1060,3.0,0.0,3.0,True,True,True,0.29117305794848203,0.03610130396993186,0.7625,4.75,1.75,1.75,0.0,0.33462274074554443,0.0,0.0,6.566031515831128e-06,0.00866315234452486,0.0001407265808666125,6.524972559418529e-05,-0.5232435464859009,-0.8263487219810486,0.4775193929672241
PD+FF,1061,3.0,0.0,3.0,True,True,True,0.33157500580675653,0.041484366967720766,0.7475,5.050000000000001,2.0500000000000007,2.0500000000000007,0.0,0.3845190107822418,0.0,0.0,7.038037438178435e-06,0.009985548444092274,0.00014822487719357014,6.950894749024883e-05,-1.0766786336898804,0.09924349933862686,0.28927016258239746
PD+FF,1062,3.0,0.0,3.0,True,True,True,0.38402391574630024,0.04907643158657891,0.7275,5.45,2.45,2.45,0.0,0.45487385988235474,0.0,0.0,9.545206012262497e-06,0.010929525829851627,0.0001836131705204025,8.545170567231253e-05,-1.020176649093628,-0.6513675451278687,0.4292861223220825
PD+FF,1063,3.0,0.0,3.0,True,True,True,0.23207503953830522,0.028053754609652877,0.79,4.2,1.2000000000000002,1.2000000000000002,0.0,0.2600324749946594,0.0,0.0,4.247417109581875e-06,0.007513337302953005,0.00010898220352828503,5.0532697059679776e-05,-0.5567145943641663,0.6067063212394714,0.2895512878894806
PD+FF,1064,3.0,0.0,3.0,True,True,True,0.49230937005134534,0.062271634328678376,0.7025,5.95,2.95,2.95,0.0,0.5771942734718323,0.0,0.0,1.4441817256738432e-05,0.01395441871136427,0.00023318857711274177,0.0001086960473912768,-1.6129041910171509,-0.13716638088226318,0.24278511106967926
PD+FF,1065,3.0,0.0,3.0,True,True,True,0.24051411265283354,0.030054522170355424,0.7825,4.3500000000000005,1.3500000000000005,1.3500000000000005,0.0,0.27857863903045654,0.0,0.0,4.4524058466777205e-06,0.007251631002873182,0.00010430141992401332,4.934263415634632e-05,-0.5033138990402222,-0.5932050347328186,0.453745573759079
PD+FF,1066,3.0,0.0,3.0,True,True,True,0.41529727657905946,0.05147672317479929,0.7225,5.550000000000001,2.5500000000000007,2.5500000000000007,0.0,0.47713911533355713,0.0,0.0,1.117567444453016e-05,0.012309524230659008,0.00019222057017032057,9.019601566251367e-05,-1.3762075901031494,0.32575497031211853,0.20805609226226807
PD+FF,1067,3.0,0.0,3.0,True,True,True,0.2944870702960977,0.03511269494487122,0.765,4.7,1.7000000000000002,1.7000000000000002,0.0,0.3254665434360504,0.0,0.0,6.961503004276892e-06,0.009821220301091671,0.00012674846220761538,5.9195386711508036e-05,-0.6176835894584656,0.9055254459381104,0.20151829719543457
PD+FF,1068,3.0,0.0,3.0,True,True,True,0.26916741512965925,0.03269658493423027,0.7725,4.55,1.5499999999999998,1.5499999999999998,0.0,0.3030739426612854,0.0,0.0,5.418373348220484e-06,0.00858324021100998,0.0001233189832419157,5.733281432185322e-05,-0.7787961959838867,0.5352519750595093,0.25048118829727173
PD+FF,1069,3.0,0.0,3.0,True,True,True,0.26616592563922037,0.03177677299083787,0.775,4.5,1.5,1.5,0.0,0.29454153776168823,0.0,0.0,5.739279458794044e-06,0.008807997219264507,0.00011855122284032404,5.5316580983344465e-05,-0.5076419115066528,0.8446078896522522,0.24751581251621246
PD+FF,1070,3.0,0.0,3.0,True,True,True,0.5619850781556242,0.07016897942949629,0.69,6.2,3.2,3.2,0.0,0.6503899097442627,0.0,0.0,2.0166144167887978e-05,0.015840740874409676,0.0002622129686642438,0.00012211395369376987,-1.6644020080566406,0.9533751606941223,0.22921264171600342
PD+FF,1071,3.0,0.0,3.0,True,True,True,0.5414778381814165,0.06842930504065645,0.6925,6.15,3.1500000000000004,3.1500000000000004,0.0,0.6342601776123047,0.0,0.0,1.7520471374155022e-05,0.015084301121532917,0.0002566158364061266,0.00011975569213973358,-1.6379417181015015,0.7469041347503662,0.26974478363990784
PD+FF,1072,3.0,0.0,3.0,True,True,True,0.4337090125174954,0.05726818192526989,0.7125,5.75,2.75,2.75,0.0,0.5307891368865967,0.0,0.0,8.856300155457575e-06,0.011734899133443832,0.00021931495575699955,0.00010147508874069899,-1.22187077999115,0.3675197660923004,0.4661308228969574
PD+FF,1073,3.0,0.0,3.0,True,True,True,0.5426552452070172,0.06990370141640181,0.69,6.2,3.2,3.2,0.0,0.6479188799858093,0.0,0.0,1.5028509551484603e-05,0.01445464976131916,0.00025470092077739537,0.00011921399709535763,-1.5133368968963623,0.8512749075889587,0.3800120949745178
PD+FF,1074,3.0,0.0,3.0,True,True,True,0.20873705853490493,0.027106408813303718,0.7925,4.15,1.1500000000000004,1.1500000000000004,0.0,0.2512388825416565,0.0,0.0,3.1749229947308777e-06,0.006803547032177448,8.266921940958127e-05,3.983652641181834e-05,-0.5001789927482605,-0.2884053587913513,0.4962819218635559
PD+FF,1075,3.0,0.0,3.0,True,True,True,0.3452018375813247,0.04156418694638572,0.7475,5.050000000000001,2.0500000000000007,2.0500000000000007,0.0,0.38526907563209534,0.0,0.0,9.090457751881331e-06,0.011009875684976578,0.00015272514428943396,7.1341433795169e-05,-0.8189709782600403,0.9466501474380493,0.23914383351802826
PD+FF,1076,3.0,0.0,3.0,True,True,True,0.5178411119837181,0.06897054080375897,0.6925,6.15,3.1500000000000004,3.1500000000000004,0.0,0.63922518491745,0.0,0.0,1.0391700016043615e-05,0.012574740685522556,0.00026212248485535383,0.00012157461605966091,-1.445397138595581,-0.562984049320221,0.45283621549606323
PD+FF,1077,3.0,0.0,3.0,True,True,True,0.29659127906666893,0.035600934028666494,0.7625,4.75,1.75,1.75,0.0,0.32999521493911743,0.0,0.0,6.922120974195423e-06,0.009648658335208893,0.0001307942293351516,6.108212255639955e-05,-0.6151338219642639,-0.8893533945083618,0.2694230377674103
PD+FF,1078,3.0,0.0,3.0,True,True,True,0.2617715590295298,0.03144376144930438,0.7775,4.45,1.4500000000000002,1.4500000000000002,0.0,0.2914620339870453,0.0,0.0,5.4144825298863e-06,0.008513720706105232,0.00011515850201249123,5.3772448154632e-05,-0.6580581068992615,-0.6858707666397095,0.23459486663341522
PD+FF,1079,3.0,0.0,3.0,True,True,True,0.3147888021250831,0.039261701025407644,0.7525,4.95,1.9500000000000002,1.9500000000000002,0.0,0.3639090657234192,0.0,0.0,7.494308192690369e-06,0.009227906353771687,0.0001343217008979991,6.362538260873407e-05,-0.5874135494232178,0.8651593327522278,0.4896434247493744
PD+FF,1080,3.0,0.0,3.0,True,True,True,0.2789978724583042,0.03422284236319899,0.7675,4.65,1.6500000000000004,1.6500000000000004,0.0,0.3172214925289154,0.0,0.0,5.8750952121044975e-06,0.008645283058285713,0.00012424630403984338,5.8178178733214736e-05,-0.6397119164466858,0.7102972865104675,0.367546945810318
PD+FF,1081,3.0,0.0,3.0,True,True,True,0.4704139246372572,0.05877021008677835,0.71,5.800000000000001,2.8000000000000007,2.8000000000000007,0.0,0.5447344779968262,0.0,0.0,1.44744271892705e-05,0.013501483015716076,0.00021218891197349876,9.953153494279832e-05,-1.3320256471633911,0.8601993322372437,0.3006768822669983
PD+FF,1082,3.0,0.0,3.0,True,True,True,0.30847404815201857,0.03852140141585889,0.755,4.9,1.9000000000000004,1.9000000000000004,0.0,0.35704684257507324,0.0,0.0,6.280664820224047e-06,0.009299513883888721,0.00013312364171724766,6.27639310550876e-05,-0.9581221342086792,-0.30673766136169434,0.3117980659008026
PD+FF,1083,3.0,0.0,3.0,True,True,True,0.4444563352723838,0.05496184519514041,0.7175,5.65,2.6500000000000004,2.6500000000000004,0.0,0.5094454288482666,0.0,0.0,1.3103777746437117e-05,0.013155719265341759,0.00020306059741415083,9.446385956835002e-05,-1.3940625190734863,0.6289385557174683,0.21643398702144623
PD+FF,1084,3.0,0.0,3.0,True,True,True,0.34089704829736744,0.042099911901161,0.745,5.1000000000000005,2.1000000000000005,2.1000000000000005,0.0,0.39023029804229736,0.0,0.0,8.508725841238629e-06,0.010180558077991009,0.00016214975039474666,7.533330790465698e-05,-0.7371216416358948,-0.8951173424720764,0.4071005880832672
PD+FF,1085,3.0,0.0,3.0,True,True,True,0.2477313414636037,0.03173756692025175,0.775,4.5,1.5,1.5,0.0,0.29416534304618835,0.0,0.0,3.9918222682899795e-06,0.007403410039842129,0.0001205312364618294,5.611169399344362e-05,-0.7224554419517517,-0.08529454469680786,0.4138740301132202
PD+FF,1086,3.0,0.0,3.0,True,True,True,0.3167134303382215,0.039809093011990974,0.7525,4.95,1.9500000000000002,1.9500000000000002,0.0,0.36898571252822876,0.0,0.0,7.126707714633085e-06,0.009272490628063679,0.00013926900282967836,6.539145397255197e-05,-0.7490203976631165,-0.7008727788925171,0.4387705326080322
PD+FF,1087,3.0,0.0,3.0,True,True,True,0.45935909293436633,0.05755477252889526,0.7125,5.75,2.75,2.75,0.0,0.5334617495536804,0.0,0.0,1.3800278793496545e-05,0.01319077517837286,0.0002050886396318674,9.61863697739318e-05,-1.2718281745910645,-0.8616007566452026,0.3274095356464386
PD+FF,1088,3.0,0.0,3.0,True,True,True,0.46359176976269306,0.05956573884552068,0.7075,5.8500000000000005,2.8500000000000005,2.8500000000000005,0.0,0.5521028637886047,0.0,0.0,1.2867847544839606e-05,0.012763573788106441,0.00021822054986841977,0.00010216540977125987,-1.148199200630188,-0.9221230149269104,0.4605681300163269
PD+FF,1089,3.0,0.0,3.0,True,True,True,0.6356735443513293,0.08534636690595399,0.67,6.6000000000000005,3.6000000000000005,3.6000000000000005,0.0,0.7909531593322754,0.0,0.0,1.3038928045716602e-05,0.01397843100130558,0.0003050636441912502,0.00014305097283795476,-1.8535881042480469,0.5890284776687622,0.37915652990341187
PD+FF,1090,3.0,0.0,3.0,True,True,True,0.3475218932859414,0.042881854070768846,0.7425,5.15,2.1500000000000004,2.1500000000000004,0.0,0.397482305765152,0.0,0.0,8.43202360556461e-06,0.010463055223226547,0.00015634199371561408,7.318266580114141e-05,-0.9845758080482483,-0.6573527455329895,0.30003631114959717
PD+FF,1091,3.0,0.0,3.0,True,True,True,0.6462498491951978,0.08598386923610905,0.6675,6.65,3.6500000000000004,3.6500000000000004,0.0,0.7968953847885132,0.0,0.0,1.437987248209538e-05,0.014707434922456741,0.0003230402653571218,0.00015058780263643712,-1.8845704793930054,-0.6914018392562866,0.36124923825263977
PD+FF,1092,3.0,0.0,3.0,True,True,True,0.6357013756162819,0.08385484766636553,0.67,6.6000000000000005,3.6000000000000005,3.6000000000000005,0.0,0.7771864533424377,0.0,0.0,1.3772720194538124e-05,0.015308795496821404,0.00031666667200624943,0.00014748392277397215,-1.9696727991104126,-0.2278679758310318,0.31251582503318787
PD+FF,1093,3.0,0.0,3.0,True,True,True,0.3011182395007566,0.03894939748199817,0.7525,4.95,1.9500000000000002,1.9500000000000002,0.0,0.361018568277359,0.0,0.0,5.609120762528619e-06,0.0087656918913126,0.00014332127466332167,6.590200064238161e-05,-0.8791002631187439,0.07968070358037949,0.43002596497535706
PD+FF,1094,3.0,0.0,3.0,True,True,True,0.30558619605355525,0.037292958763349454,0.7575,4.8500000000000005,1.8500000000000005,1.8500000000000005,0.0,0.34566786885261536,0.0,0.0,6.771007065253798e-06,0.009487378410995007,0.00013920907804276794,6.490687519544736e-05,-0.9031349420547485,-0.5643354058265686,0.2514164447784424
PD+FF,1095,3.0,0.0,3.0,True,True,True,0.4184468491745897,0.0527177372619928,0.72,5.6000000000000005,2.6000000000000005,2.6000000000000005,0.0,0.4886350929737091,0.0,0.0,1.09184311440913e-05,0.012138254940509796,0.0001884035737020895,8.844371768645942e-05,-1.3096781969070435,-0.4019305408000946,0.2943161725997925
PD+FF,1096,3.0,0.0,3.0,True,True,True,0.2649927457418263,0.03180014625331647,0.775,4.5,1.5,1.5,0.0,0.29476216435432434,0.0,0.0,5.604987563856412e-06,0.00862413365393877,0.00011330512643326074,5.322689321474172e-05,-0.5565752387046814,0.7886120080947876,0.27283963561058044
PD+FF,1097,3.0,0.0,3.0,True,True,True,0.40036292639467114,0.050373587666133486,0.725,5.5,2.5,2.5,0.0,0.4669084846973419,0.0,0.0,9.877560842141975e-06,0.011713707819581032,0.000175523673533462,8.263412019005045e-05,-1.3080552816390991,0.037033263593912125,0.27344202995300293
PD+FF,1098,3.0,0.0,3.0,True,True,True,0.43104093236949886,0.0572503904033802,0.7125,5.75,2.75,2.75,0.0,0.5306199789047241,0.0,0.0,8.197649549401831e-06,0.011510597541928291,0.00019462080672383308,9.196031896863133e-05,-1.2224541902542114,-0.25077617168426514,0.4742331802845001
PD+FF,1099,3.0,0.0,3.0,True,True,True,0.636383621222861,0.08618996653210163,0.6675,6.65,3.6500000000000004,3.6500000000000004,0.0,0.798761785030365,0.0,0.0,1.1412694220780395e-05,0.01408309955149889,0.0003134555008728057,0.00014679772721137851,-1.9130916595458984,0.09447009861469269,0.36984628438949585
Direct PPO,1000,3.0,0.0,3.0,True,True,True,0.3448683327510614,0.005265582877595791,0.8475,3.0500000000000003,0.050000000000000266,0.050000000000000266,0.0,0.057891521602869034,0.005285739898681641,0.005285739898681641,0.0027040981221944094,0.5646498799324036,0.0053647044114768505,3.814704086835263e-06,-1.2179213762283325,0.20768369734287262,0.34128254652023315
Direct PPO,1001,3.0,0.0,3.0,True,True,True,0.34045088614963226,0.0033165619321232007,0.8675,2.6500000000000004,0.0,0.0,0.0,0.058912456035614014,0.006179869174957275,0.0012130141258239746,0.003050529630854726,0.555042564868927,0.0023882382083684206,1.4928392033652926e-07,-1.0811076164245605,-0.9685990810394287,0.25630688667297363
Direct PPO,1002,3.0,0.0,3.0,True,True,True,0.45265335271207696,0.009009947127504987,0.815,3.7,0.7000000000000002,0.7000000000000002,0.0,0.303983211517334,0.008435249328613281,0.008435249328613281,0.0019621283281594515,0.3480825424194336,0.008449619635939598,2.35713582696917e-06,-1.428768277168274,-0.28562131524086,0.4242836833000183
Direct PPO,1003,3.0,0.0,3.0,True,True,True,0.5297473620197375,0.00571307124061359,0.8075,3.85,0.8500000000000001,0.8500000000000001,0.0,0.36110326647758484,0.005583763122558594,0.005583763122558594,0.002838145475834608,0.561067521572113,0.005642169155180454,3.606158088587108e-06,-1.7183640003204346,-0.48658838868141174,0.34840381145477295
Direct PPO,1004,3.0,0.0,3.0,True,True,True,0.5953494484975862,0.0024159937680789077,0.8075,3.85,0.8500000000000001,0.8500000000000001,0.0,0.31619352102279663,0.013925671577453613,0.013925671577453613,0.003220556303858757,0.6542999744415283,0.0022820874582976103,1.222009473167418e-06,-1.998679280281067,-0.7396973967552185,0.24154320359230042
Direct PPO,1005,3.0,0.0,3.0,True,True,True,0.5781915688284044,0.0037825863067665745,0.8075,3.85,0.8500000000000001,0.8500000000000001,0.0,0.33544787764549255,0.002863168716430664,0.002863168716430664,0.002974259201437235,0.5970212817192078,0.0032004753593355417,1.6987509070531814e-06,-1.8766711950302124,0.8611240983009338,0.28618520498275757
Direct PPO,1006,3.0,0.0,3.0,True,True,True,0.4190288848304868,0.0033032379796082098,0.835,3.3000000000000003,0.30000000000000027,0.30000000000000027,0.0,0.08003609627485275,0.0029168128967285156,0.0029168128967285156,0.0027123880572617054,0.5753740668296814,0.003313864581286907,2.47359480454179e-06,-1.4946178197860718,0.20171388983726501,0.28934937715530396
Direct PPO,1007,3.0,0.0,3.0,True,True,True,0.624932761223217,0.010108620563222375,0.785,4.3,1.2999999999999998,1.2999999999999998,0.0,0.6727563142776489,0.0073566436767578125,0.0073566436767578125,0.0023158991243690252,0.423511803150177,0.0073570930399000645,2.028345079452265e-06,-1.8931626081466675,0.6319606900215149,0.39287856221199036
Direct PPO,1008,3.0,0.0,3.0,True,True,True,0.5105019667586566,0.0028684965839666046,0.82,3.6,0.6000000000000001,0.6000000000000001,0.0,0.17791734635829926,0.0026149749755859375,0.0026149749755859375,0.002862662309780717,0.610139787197113,0.002566478680819273,1.0132921488548163e-06,-1.749120831489563,0.6261014938354492,0.26522985100746155
Direct PPO,1009,3.0,0.0,3.0,True,True,True,0.5383998313706991,0.0030290116350635498,0.8175,3.6500000000000004,0.6500000000000004,0.6500000000000004,0.0,0.17801794409751892,0.035452306270599365,0.035452306270599365,0.00320445466786623,0.6570936441421509,0.0027452539652585983,1.8063374227494933e-06,-1.9152493476867676,-0.3461688160896301,0.2149554342031479
Direct PPO,1010,3.0,0.0,3.0,True,True,True,0.651912932794198,0.019162611920004506,0.7625,4.75,1.75,1.75,0.0,0.8874287605285645,0.009840965270996094,0.009840965270996094,0.0011233451077714562,0.23625533282756805,0.009961697272956371,1.0694039929148857e-06,-1.8575115203857422,0.07161146402359009,0.4753030240535736
Direct PPO,1011,3.0,0.0,3.0,True,True,True,0.43572817781491857,0.002572858919653762,0.8325,3.35,0.3500000000000001,0.3500000000000001,0.0,0.07695643603801727,0.0031076669692993164,0.0031076669692993164,0.0027951663359999657,0.5955573916435242,0.00253269262611866,8.046762332014623e-07,-1.57381272315979,0.12664707005023956,0.26378002762794495
Direct PPO,1012,3.0,0.0,3.0,True,True,True,0.43921402890930594,0.0029012488049817734,0.835,3.3000000000000003,0.30000000000000027,0.30000000000000027,0.0,0.08523803949356079,0.0023932456970214844,0.0023932456970214844,0.0028374434914439917,0.6276106238365173,0.002732533263042569,2.980237695737742e-06,-1.5405192375183105,0.561293363571167,0.2715309262275696
Direct PPO,1013,3.0,0.0,3.0,True,True,True,0.2858120386740027,0.007098378525577155,0.8725,2.5500000000000003,0.0,0.0,0.0,0.06089312583208084,0.007666587829589844,0.007666587829589844,0.002357827266678214,0.4113115668296814,0.007666989229619503,8.016833817237057e-06,-0.8082606196403503,-0.8420410752296448,0.401797890663147
Direct PPO,1014,3.0,0.0,3.0,True,True,True,0.4432498719554838,0.011238469012215773,0.8125,3.75,0.75,0.75,0.0,0.36101558804512024,0.009700298309326172,0.009700298309326172,0.0010669127805158496,0.2390282303094864,0.009802624583244324,1.998735797315021e-06,-1.3467140197753906,0.1714046150445938,0.4693894386291504
Direct PPO,1015,3.0,0.0,3.0,True,True,True,0.4490751189679296,0.007721503117358123,0.82,3.6,0.6000000000000001,0.6000000000000001,0.0,0.2447155863046646,0.007338047027587891,0.007338047027587891,0.00222547585144639,0.40645912289619446,0.007338595576584339,1.4013361351317144e-06,-1.4601455926895142,0.21413566172122955,0.39239153265953064
Direct PPO,1016,3.0,0.0,3.0,True,True,True,0.4812625827859358,0.0038781606324581374,0.82,3.6,0.6000000000000001,0.6000000000000001,0.0,0.1933366060256958,0.0036859512329101562,0.0036859512329101562,0.0028771492652595043,0.5338375568389893,0.003946490585803986,6.259941756070475e-07,-1.6580126285552979,-0.11461202055215836,0.3060871958732605
Direct PPO,1017,3.0,0.0,3.0,True,True,True,0.23559725954248073,0.010523567286291769,0.865,2.7,0.0,0.0,0.0,0.0890999361872673,0.01020050048828125,0.01020050048828125,0.0007823366322554648,0.1877453476190567,0.010379733517765999,2.5631868538766867e-06,-0.62247234582901,0.6426637768745422,0.4917738139629364
Direct PPO,1018,3.0,0.0,3.0,True,True,True,0.350642968351337,0.009739794922618077,0.835,3.3000000000000003,0.30000000000000027,0.30000000000000027,0.0,0.1450139880180359,0.009504318237304688,0.009504318237304688,0.0012830812484025955,0.25392669439315796,0.009585409425199032,1.0979366038554872e-07,-1.1090368032455444,-0.0900818482041359,0.4614541530609131
Direct PPO,1019,3.0,0.0,3.0,True,True,True,0.5030023808729427,0.005389342882350641,0.8125,3.75,0.75,0.75,0.0,0.2935032844543457,0.005230903625488281,0.005230903625488281,0.002858889987692237,0.49960950016975403,0.005314324051141739,2.622758074721787e-06,-1.674609661102295,-0.20800989866256714,0.34006524085998535
Direct PPO,1020,3.0,0.0,3.0,True,True,True,0.2906049496306021,0.0026555288976354077,0.8675,2.6500000000000004,0.0,0.0,0.0,0.015654629096388817,0.021298885345458984,0.013930916786193848,0.0032992723863571882,0.6589163541793823,0.0025317477993667126,8.64706805714377e-07,-1.1319496631622314,-0.4326494336128235,0.2227078378200531
Direct PPO,1021,3.0,0.0,3.0,True,True,True,0.521591321645182,0.013534265291806883,0.795,4.1000000000000005,1.1000000000000005,1.1000000000000005,0.0,0.5358113050460815,0.01030731201171875,0.01030731201171875,0.000852803757879883,0.19937513768672943,0.010510132648050785,2.589890755189117e-07,-1.4384177923202515,-0.8382971882820129,0.49743902683258057
Direct PPO,1022,3.0,0.0,3.0,True,True,True,0.6676454855366288,0.009607710227635537,0.78,4.4,1.4000000000000004,1.4000000000000004,0.0,0.7304818630218506,0.006756782531738281,0.006756782531738281,0.002468637190759182,0.4704638123512268,0.006766033824533224,4.262386937625706e-06,-1.999210000038147,0.8368335366249084,0.37694433331489563
Direct PPO,1023,3.0,0.0,3.0,True,True,True,0.5256618304589408,0.012977103628762489,0.7975,4.05,1.0499999999999998,1.0499999999999998,0.0,0.5179194808006287,0.009784698486328125,0.009784698486328125,0.001095248619094491,0.22961804270744324,0.009897854179143906,7.547077984781936e-07,-1.4916963577270508,0.8117974996566772,0.4728805720806122
Direct PPO,1024,3.0,0.0,3.0,True,True,True,0.44180667663885603,0.003886511484531528,0.83,3.4000000000000004,0.40000000000000036,0.40000000000000036,0.0,0.10996117442846298,0.003915309906005859,0.003915309906005859,0.0030176250729709864,0.6307569742202759,0.004143766593188047,3.0252479632508766e-08,-1.51630699634552,-0.48329436779022217,0.3110935389995575
Direct PPO,1025,3.0,0.0,3.0,True,True,True,0.18845576865168565,0.0021710522755949905,0.89,2.2,0.0,0.0,0.0,0.024823319166898727,0.0010230541229248047,0.0010230541229248047,0.002927289344370365,0.5958549380302429,0.0023024901747703552,3.5166765428584768e-06,-0.7683239579200745,0.258014976978302,0.24864348769187927
Direct PPO,1026,3.0,0.0,3.0,True,True,True,0.49315528853863255,0.0025710007641973464,0.8225,3.5500000000000003,0.5500000000000003,0.5500000000000003,0.0,0.1553667187690735,0.007594048976898193,0.007594048976898193,0.002859322354197502,0.5742406249046326,0.00242538726888597,3.7252905258355895e-06,-1.7438942193984985,0.19023452699184418,0.2583710551261902
Direct PPO,1027,3.0,0.0,3.0,True,True,True,0.6261717746475673,0.00839021077263804,0.785,4.3,1.2999999999999998,1.2999999999999998,0.0,0.6655836701393127,0.006459712982177734,0.006459712982177734,0.0025381590239703655,0.4955086410045624,0.006477138493210077,7.770664751660661e-07,-1.9580382108688354,0.12429128587245941,0.36954861879348755
Direct PPO,1028,3.0,0.0,3.0,True,True,True,0.22244837801399114,0.007359260714049205,0.875,2.5,0.0,0.0,0.0,0.0474330298602581,0.007700920104980469,0.007700920104980469,0.002275546081364155,0.38387927412986755,0.0077014644630253315,2.5034448754013283e-06,-0.7757433652877808,-0.22796711325645447,0.4025936424732208
Direct PPO,1029,3.0,0.0,3.0,True,True,True,0.21180369877293712,0.0026194509973483816,0.8875,2.25,0.0,0.0,0.0,0.04947059601545334,0.0007873177528381348,0.0007873177528381348,0.00279085710644722,0.5023524165153503,0.0027509378269314766,3.1143551950663095e-06,-0.7448340058326721,0.6458722352981567,0.214758962392807
Direct PPO,1030,3.0,0.0,3.0,True,True,True,0.5794501905186573,0.011297174832218567,0.7925,4.15,1.1500000000000004,1.1500000000000004,0.0,0.5793085098266602,0.009021759033203125,0.009021759033203125,0.0015662329969927669,0.30459171533584595,0.009064474143087864,3.4343984225415625e-06,-1.6447029113769531,-0.9496257901191711,0.4438457489013672
Direct PPO,1031,3.0,0.0,3.0,True,True,True,0.3340567373796972,0.007954222193388956,0.855,2.9000000000000004,0.0,0.0,0.0,0.09741605073213577,0.007580280303955078,0.007580280303955078,0.001959135290235281,0.3437858819961548,0.007569815032184124,5.5731020438543055e-06,-0.9611496329307556,0.9009804725646973,0.39864641427993774
Direct PPO,1032,3.0,0.0,3.0,True,True,True,0.23976049092361754,0.010039740793926272,0.87,2.6,0.0,0.0,0.0,0.07497823238372803,0.010336875915527344,0.010336875915527344,0.0009333427879028022,0.2014022320508957,0.010546116158366203,8.653819350001868e-07,-0.6833899617195129,-0.5306191444396973,0.49894750118255615
Direct PPO,1033,3.0,0.0,3.0,True,True,True,0.2801743076396579,0.010231370293054546,0.8575,2.85,0.0,0.0,0.0,0.1011366918683052,0.009863853454589844,0.009863853454589844,0.0009489235235378146,0.20003849267959595,0.009986399672925472,1.220239340682383e-07,-0.7577928304672241,0.7459949851036072,0.4761985242366791
Direct PPO,1034,3.0,0.0,3.0,True,True,True,0.17629676121094895,0.003252685947607403,0.89,2.2,0.0,0.0,0.0,0.05181471258401871,0.0,0.0,0.0028213132172822952,0.5150842070579529,0.002518657362088561,3.308074383312487e-06,-0.5296080112457275,-0.6777904629707336,0.22327283024787903
Direct PPO,1035,3.0,0.0,3.0,True,True,True,0.4926254829995788,0.010246327877446178,0.805,3.9000000000000004,0.9000000000000004,0.9000000000000004,0.0,0.4331822097301483,0.008815765380859375,0.008815765380859375,0.0017877222271636128,0.30444473028182983,0.008846601471304893,3.5777757148025557e-06,-1.5201642513275146,-0.23973245918750763,0.436818927526474
Direct PPO,1036,3.0,0.0,3.0,True,True,True,0.47763638553627386,0.00598261846844666,0.82,3.6,0.6000000000000001,0.6000000000000001,0.0,0.22145408391952515,0.005615234375,0.005615234375,0.002630661940202117,0.5417180061340332,0.0056721484288573265,1.7288045910390792e-06,-1.558912754058838,0.6018440127372742,0.34900519251823425
Direct PPO,1037,3.0,0.0,3.0,True,True,True,0.46802352835342875,0.007075279702211781,0.8175,3.6500000000000004,0.6500000000000004,0.6500000000000004,0.0,0.2656598389148712,0.006971836090087891,0.006971836090087891,0.002578945364803076,0.45891714096069336,0.006976516451686621,1.967394609891926e-06,-1.5164998769760132,-0.3818822205066681,0.38270920515060425
Direct PPO,1038,3.0,0.0,3.0,True,True,True,0.46283090979460545,0.004094209270621571,0.83,3.4000000000000004,0.40000000000000036,0.40000000000000036,0.0,0.11687184870243073,0.0042400360107421875,0.0042400360107421875,0.0027768644504249096,0.5511147379875183,0.004422654397785664,2.1159921743674204e-06,-1.5098652839660645,-0.8029577136039734,0.31811848282814026
Direct PPO,1039,3.0,0.0,3.0,True,True,True,0.18710762850001872,0.00611971368610684,0.8875,2.25,0.0,0.0,0.0,0.03599684685468674,0.006321430206298828,0.006321430206298828,0.0024618892930448055,0.44575685262680054,0.006343554705381393,3.1590857361152302e-06,-0.6960156559944153,-0.0387578122317791,0.3661683201789856
Direct PPO,1040,3.0,0.0,3.0,True,True,True,0.24260595331425952,0.008130177484170914,0.875,2.5,0.0,0.0,0.0,0.07130760699510574,0.008080482482910156,0.008080482482910156,0.0017647483618929982,0.3149908483028412,0.008084730245172977,2.755046750735346e-07,-0.7547146081924438,0.5635512471199036,0.4134989380836487
Direct PPO,1041,3.0,0.0,3.0,True,True,True,0.20007898048471093,0.009332231800796432,0.88,2.4000000000000004,0.0,0.0,0.0,0.06045279651880264,0.0095977783203125,0.0095977783203125,0.0012876370456069708,0.24033086001873016,0.009688615798950195,2.7050401740780217e-07,-0.6478168964385986,-0.19675222039222717,0.46515655517578125
Direct PPO,1042,3.0,0.0,3.0,True,True,True,0.4416196886942352,0.006605504732801658,0.825,3.5,0.5,0.5,0.0,0.19792118668556213,0.006587982177734375,0.006587982177734375,0.00272208359092474,0.463742196559906,0.006601439323276281,1.490379759161442e-06,-1.463887333869934,-0.25558269023895264,0.3728010952472687
Direct PPO,1043,3.0,0.0,3.0,True,True,True,0.5444912869081922,0.004198110241692023,0.8125,3.75,0.75,0.75,0.0,0.3039114475250244,0.004303455352783203,0.004303455352783203,0.0028208522126078606,0.5265517830848694,0.004478228744119406,8.347084303750307e-07,-1.7490100860595703,-0.7958716750144958,0.31946444511413574
Direct PPO,1044,3.0,0.0,3.0,True,True,True,0.5732438968701956,0.003265727224621445,0.8125,3.75,0.75,0.75,0.0,0.22430995106697083,0.03359717130661011,0.03359717130661011,0.003008495084941387,0.5890440344810486,0.002921165432780981,2.2501380954054184e-06,-1.981444239616394,0.7169352173805237,0.20961801707744598
Direct PPO,1045,3.0,0.0,3.0,True,True,True,0.21918712347286762,0.007722504011198685,0.8775,2.45,0.0,0.0,0.0,0.046865951269865036,0.00815582275390625,0.00815582275390625,0.0020956224761903286,0.36642932891845703,0.008162655867636204,1.224515358444478e-06,-0.7272861003875732,-0.39523494243621826,0.4158290922641754
Direct PPO,1046,3.0,0.0,3.0,True,True,True,0.6169769880864745,0.010220391921209873,0.785,4.3,1.2999999999999998,1.2999999999999998,0.0,0.6588153839111328,0.007485866546630859,0.007485866546630859,0.002242798451334238,0.4014210104942322,0.007485887035727501,9.113399812576972e-08,-1.868130087852478,0.6265861392021179,0.39649125933647156
Direct PPO,1047,3.0,0.0,3.0,True,True,True,0.3138530591966456,0.0035072652156173277,0.8575,2.85,0.0,0.0,0.0,0.025271160528063774,0.0033316612243652344,0.0033316612243652344,0.0031381139997392893,0.638089656829834,0.0036627596709877253,8.940732527662476e-07,-1.1699552536010742,-0.14992530643939972,0.29876548051834106
Direct PPO,1048,3.0,0.0,3.0,True,True,True,0.32545267314748033,0.009654446776974232,0.85,3.0,0.0,0.0,0.0,0.0983041524887085,0.01000213623046875,0.01000213623046875,0.0011140743736177683,0.22764509916305542,0.010146694257855415,4.861333309236215e-07,-0.9076822996139526,-0.7630760073661804,0.4824531674385071
Direct PPO,1049,3.0,0.0,3.0,True,True,True,0.5257978485339467,0.010840691421204841,0.7975,4.05,1.0499999999999998,1.0499999999999998,0.0,0.5154704451560974,0.008713245391845703,0.008713245391845703,0.0016809921944513917,0.31354498863220215,0.008738357573747635,1.1661379630822921e-06,-1.6127384901046753,0.09402617067098618,0.43331217765808105
Direct PPO,1050,3.0,0.0,3.0,True,True,True,0.4258343690964292,0.011972815345871371,0.8125,3.75,0.75,0.75,0.0,0.35277873277664185,0.0103302001953125,0.0103302001953125,0.0008873805054463446,0.1959177851676941,0.010539095848798752,2.5356125661346596e-06,-1.2507070302963257,-0.40418457984924316,0.49881017208099365
Direct PPO,1051,3.0,0.0,3.0,True,True,True,0.23391786895074856,0.0026578770747228545,0.885,2.3000000000000003,0.0,0.0,0.0,0.027839845046401024,0.0013036727905273438,0.0013036727905273438,0.0030003204010427,0.6061887145042419,0.0024222834035754204,2.741813887041644e-06,-0.8433747291564941,-0.6024307608604431,0.2584548592567444
Direct PPO,1052,3.0,0.0,3.0,True,True,True,0.4601732586117193,0.004656359256506214,0.8225,3.5500000000000003,0.5500000000000003,0.5500000000000003,0.0,0.17721106112003326,0.0045588016510009766,0.0045588016510009766,0.00287538836710155,0.58651202917099,0.004704299382865429,4.9174232117366046e-06,-1.577463150024414,-0.03658809885382652,0.32490968704223633
Direct PPO,1053,3.0,0.0,3.0,True,True,True,0.2289840352649466,0.008760273444104641,0.8725,2.5500000000000003,0.0,0.0,0.0,0.05953443795442581,0.009160041809082031,0.009160041809082031,0.001574783236719668,0.2837497293949127,0.009211561642587185,1.8183003476224258e-06,-0.7320424914360046,-0.38764455914497375,0.44851720333099365
Direct PPO,1054,3.0,0.0,3.0,True,True,True,0.6232014884425204,0.006724710009476491,0.79,4.2,1.2000000000000002,1.2000000000000002,0.0,0.5921443104743958,0.0054187774658203125,0.0054187774658203125,0.002759466180577874,0.5469380617141724,0.005488718394190073,4.530146725301165e-06,-1.9604523181915283,0.6108824014663696,0.3443475067615509
Direct PPO,1055,3.0,0.0,3.0,True,True,True,0.2754996523160543,0.006226128056457039,0.875,2.5,0.0,0.0,0.0,0.054918840527534485,0.00667572021484375,0.00667572021484375,0.002624370390549302,0.4740158021450043,0.006686813198029995,5.962905333944946e-07,-0.8035520911216736,-0.8197364807128906,0.37500709295272827
Direct PPO,1056,3.0,0.0,3.0,True,True,True,0.21783724923523481,0.0049777945673953276,0.89,2.3000000000000003,0.0,0.0,0.0,0.05154286324977875,0.005138874053955078,0.005138874053955078,0.002733757020905614,0.4664081037044525,0.005228648893535137,5.781653271696996e-06,-0.6173267960548401,-0.7547652125358582,0.33817118406295776
Direct PPO,1057,3.0,0.0,3.0,True,True,True,0.38885039264994464,0.003538170665399981,0.84,3.2,0.20000000000000018,0.20000000000000018,0.0,0.05533214658498764,0.0033102035522460938,0.0033102035522460938,0.002813378581777215,0.5523059368133545,0.0036388032604008913,3.6358912893774686e-06,-1.4013786315917969,-0.020997419953346252,0.2980625629425049
Direct PPO,1058,3.0,0.0,3.0,True,True,True,0.616570130759233,0.005831089849989442,0.7925,4.15,1.1500000000000004,1.1500000000000004,0.0,0.55904620885849,0.005328655242919922,0.005328655242919922,0.002839915221557021,0.5282652974128723,0.005404214840382338,3.367821818756056e-06,-1.9344123601913452,-0.6835842132568359,0.34246277809143066
Direct PPO,1059,3.0,0.0,3.0,True,True,True,0.37845155531567537,0.004636206074106004,0.8425,3.1500000000000004,0.15000000000000036,0.15000000000000036,0.0,0.057244423776865005,0.004778385162353516,0.004778385162353516,0.0029313224367797375,0.5959351062774658,0.004900946281850338,1.5199684639810584e-06,-1.3239208459854126,-0.34795770049095154,0.3298633396625519
Direct PPO,1060,3.0,0.0,3.0,True,True,True,0.23356948758944418,0.009279887331379086,0.87,2.6,0.0,0.0,0.0,0.0665397122502327,0.009883880615234375,0.009883880615234375,0.0010766451014205813,0.2157813012599945,0.010012062266469002,7.59968725105864e-06,-0.5232435464859009,-0.8263487219810486,0.4775193929672241
Direct PPO,1061,3.0,0.0,3.0,True,True,True,0.2822975604113464,0.003237680218062964,0.865,2.7,0.0,0.0,0.0,0.0271040890365839,0.002913236618041992,0.002913236618041992,0.002774105640128255,0.5322882533073425,0.003312448738142848,3.904112872987753e-06,-1.0766786336898804,0.09924349933862686,0.28927016258239746
Direct PPO,1062,3.0,0.0,3.0,True,True,True,0.33127448293338196,0.00811803496583536,0.85,3.0,0.0,0.0,0.0,0.07903137058019638,0.008585929870605469,0.008585929870605469,0.0019091342110186815,0.34616386890411377,0.00860618893057108,3.6959377212042455e-06,-1.020176649093628,-0.6513675451278687,0.4292861223220825
Direct PPO,1063,3.0,0.0,3.0,True,True,True,0.17892932753041715,0.0035037592889232655,0.8875,2.25,0.0,0.0,0.0,0.054432839155197144,0.0030922889709472656,0.0030922889709472656,0.0023829785641282797,0.4093274176120758,0.0033198746386915445,1.221923298544425e-06,-0.5567145943641663,0.6067063212394714,0.2895512878894806
Direct PPO,1064,3.0,0.0,3.0,True,True,True,0.44105718483558526,0.0022803156064573984,0.8325,3.35,0.3500000000000001,0.3500000000000001,0.0,0.062219858169555664,0.01271665096282959,0.01271665096282959,0.0031658150255680084,0.5950151681900024,0.0022807165514677763,7.748631674076023e-07,-1.6129041910171509,-0.13716638088226318,0.24278511106967926
Direct PPO,1065,3.0,0.0,3.0,True,True,True,0.18819342218670004,0.008772942942371052,0.8925,2.15,0.0,0.0,0.0,0.04852704331278801,0.009298324584960938,0.009298324584960938,0.0013739338610321283,0.25754883885383606,0.009361086413264275,2.6855170744966017e-06,-0.5033138990402222,-0.5932050347328186,0.453745573759079
Direct PPO,1066,3.0,0.0,3.0,True,True,True,0.3566995136587592,0.0028449578419591894,0.8525,2.95,0.0,0.0,0.0,0.04774932190775871,0.032720088958740234,0.032720088958740234,0.0030962862074375153,0.6935980916023254,0.002977400552481413,1.7890502590489632e-07,-1.3762075901031494,0.32575497031211853,0.20805609226226807
Direct PPO,1067,3.0,0.0,3.0,True,True,True,0.23316748477057245,0.0033372388448863173,0.8625,2.75,0.0,0.0,0.0,0.08105303347110748,0.0013904571533203125,0.0013904571533203125,0.002393927425146103,0.43427279591560364,0.0032250997610390186,3.4147817586926976e-06,-0.6176835894584656,0.9055254459381104,0.20151829719543457
Direct PPO,1068,3.0,0.0,3.0,True,True,True,0.211759612837234,0.002306636799043157,0.8875,2.25,0.0,0.0,0.0,0.04178062453866005,0.0015627145767211914,0.0015627145767211914,0.0027299472130835056,0.5778514742851257,0.0023161950521171093,1.0728946335802902e-06,-0.7787961959838867,0.5352519750595093,0.25048118829727173
Direct PPO,1069,3.0,0.0,3.0,True,True,True,0.20967205528681873,0.0028261447025902434,0.8675,2.6500000000000004,0.0,0.0,0.0,0.07715693861246109,0.0022513866424560547,0.0022513866424560547,0.0020339370239526033,0.33307594060897827,0.0022940936032682657,1.2517127743194578e-06,-0.5076419115066528,0.8446078896522522,0.24751581251621246
Direct PPO,1070,3.0,0.0,3.0,True,True,True,0.4940354586801762,0.002787831238170308,0.83,3.4000000000000004,0.40000000000000036,0.40000000000000036,0.0,0.1004866287112236,0.016781508922576904,0.016781508922576904,0.0031175888143479824,0.6858643889427185,0.0023985416628420353,1.4462542594628758e-06,-1.6644020080566406,0.9533751606941223,0.22921264171600342
Direct PPO,1071,3.0,0.0,3.0,True,True,True,0.4820935747443092,0.00305020843721434,0.8275,3.45,0.4500000000000002,0.4500000000000002,0.0,0.12601156532764435,0.0029233694076538086,0.0029233694076538086,0.0029105041176080704,0.5387889742851257,0.002680671401321888,1.4925456071068766e-07,-1.6379417181015015,0.7469041347503662,0.26974478363990784
Direct PPO,1072,3.0,0.0,3.0,True,True,True,0.39948866186591186,0.01048440916756232,0.825,3.5,0.5,0.5,0.0,0.23297226428985596,0.009624481201171875,0.009624481201171875,0.0011315281735733151,0.24316014349460602,0.009717900305986404,1.8196276414528256e-06,-1.22187077999115,0.3675197660923004,0.4661308228969574
Direct PPO,1073,3.0,0.0,3.0,True,True,True,0.4920088962767665,0.007597074855260161,0.8175,3.6500000000000004,0.6500000000000004,0.6500000000000004,0.0,0.264295756816864,0.00687408447265625,0.00687408447265625,0.0024311274755746126,0.45179641246795654,0.006880718749016523,2.980556246257038e-06,-1.5133368968963623,0.8512749075889587,0.3800120949745178
Direct PPO,1074,3.0,0.0,3.0,True,True,True,0.1680462821006713,0.01005837434191549,0.89,2.2,0.0,0.0,0.0,0.0552077554166317,0.010285377502441406,0.010285377502441406,0.0009629816049709916,0.19830627739429474,0.010483259335160255,1.604209955985425e-07,-0.5001789927482605,-0.2884053587913513,0.4962819218635559
Direct PPO,1075,3.0,0.0,3.0,True,True,True,0.2779609012226778,0.002829368775887348,0.8625,2.75,0.0,0.0,0.0,0.08037886768579483,0.0032126903533935547,0.0032126903533935547,0.0027047039475291967,0.5635643601417542,0.0022901829797774553,2.23517508857185e-06,-0.8189709782600403,0.9466501474380493,0.23914383351802826
Direct PPO,1076,3.0,0.0,3.0,True,True,True,0.48251925825882414,0.010561151204866946,0.8075,3.85,0.8500000000000001,0.8500000000000001,0.0,0.40661120414733887,0.009278297424316406,0.009278297424316406,0.0014609822537750006,0.27851247787475586,0.009338918142020702,1.2558811022245209e-06,-1.445397138595581,-0.562984049320221,0.45283621549606323
Direct PPO,1077,3.0,0.0,3.0,True,True,True,0.23373446076199722,0.0034130075450133296,0.8725,2.5500000000000003,0.0,0.0,0.0,0.06959427893161774,0.0018699169158935547,0.0018699169158935547,0.002856373554095626,0.5508671998977661,0.0026702163740992546,1.9371520920685725e-06,-0.6151338219642639,-0.8893533945083618,0.2694230377674103
Direct PPO,1078,3.0,0.0,3.0,True,True,True,0.2006946262756486,0.002960540756529946,0.8975,2.0500000000000003,0.0,0.0,0.0,0.04489155858755112,4.0531158447265625e-05,4.0531158447265625e-05,0.00293084979057312,0.5779286026954651,0.0023241061717271805,1.4752150718777557e-06,-0.6580581068992615,-0.6858707666397095,0.23459486663341522
Direct PPO,1079,3.0,0.0,3.0,True,True,True,0.2588420341294304,0.010725552777778645,0.8575,2.85,0.0,0.0,0.0,0.09855097532272339,0.010159969329833984,0.010159969329833984,0.0007104668766260147,0.17918331921100616,0.010328455828130245,2.6526522560743615e-06,-0.5874135494232178,0.8651593327522278,0.4896434247493744
Direct PPO,1080,3.0,0.0,3.0,True,True,True,0.22259771600082487,0.006663092206512247,0.8775,2.45,0.0,0.0,0.0,0.06837359070777893,0.006455183029174805,0.006455183029174805,0.0019989004358649254,0.3554557263851166,0.0064065055921673775,5.275013336358825e-06,-0.6397119164466858,0.7102972865104675,0.367546945810318
Direct PPO,1081,3.0,0.0,3.0,True,True,True,0.4060525125190239,0.004137745488781191,0.845,3.1,0.10000000000000009,0.10000000000000009,0.0,0.07712248712778091,0.0036017894744873047,0.0036017894744873047,0.0028498717583715916,0.5500191450119019,0.0037380538415163755,2.71204294222116e-06,-1.3320256471633911,0.8601993322372437,0.3006768822669983
Direct PPO,1082,3.0,0.0,3.0,True,True,True,0.25574966601433935,0.003967387162296129,0.8725,2.5500000000000003,0.0,0.0,0.0,0.018352685496211052,0.003947734832763672,0.003947734832763672,0.003028673119843006,0.5723758339881897,0.004171203356236219,5.960496878287813e-07,-0.9581221342086792,-0.30673766136169434,0.3117980659008026
Direct PPO,1083,3.0,0.0,3.0,True,True,True,0.37959341423858883,0.002638998074591095,0.85,3.0,0.0,0.0,0.0,0.05630355328321457,0.025307059288024902,0.025307059288024902,0.003102412912994623,0.6765255928039551,0.002700375858694315,2.014920028159395e-06,-1.3940625190734863,0.6289385557174683,0.21643398702144623
Direct PPO,1084,3.0,0.0,3.0,True,True,True,0.2783544981740927,0.0072770132266543565,0.875,2.5,0.0,0.0,0.0,0.06579125672578812,0.007852554321289062,0.007852554321289062,0.0022339788265526295,0.3882583975791931,0.00785448495298624,7.54030361349578e-06,-0.7371216416358948,-0.8951173424720764,0.4071005880832672
Direct PPO,1085,3.0,0.0,3.0,True,True,True,0.2070480788935025,0.00780742567709851,0.88,2.4000000000000004,0.0,0.0,0.0,0.05056465044617653,0.008089065551757812,0.008089065551757812,0.0018995805876329541,0.3434196412563324,0.00809453520923853,2.44598822973785e-06,-0.7224554419517517,-0.08529454469680786,0.4138740301132202
Direct PPO,1086,3.0,0.0,3.0,True,True,True,0.2601057612542423,0.008298937058032878,0.8725,2.5500000000000003,0.0,0.0,0.0,0.060525406152009964,0.008878707885742188,0.008878707885742188,0.0017667756183072925,0.31488877534866333,0.00891253910958767,7.157122468015586e-07,-0.7490203976631165,-0.7008727788925171,0.4387705326080322
Direct PPO,1087,3.0,0.0,3.0,True,True,True,0.39663312731293004,0.004480504894775502,0.845,3.1,0.10000000000000009,0.10000000000000009,0.0,0.04881327971816063,0.004665851593017578,0.004665851593017578,0.0027412131894379854,0.5633153319358826,0.004799469839781523,5.06825415413914e-07,-1.2718281745910645,-0.8616007566452026,0.3274095356464386
Direct PPO,1088,3.0,0.0,3.0,True,True,True,0.4110108414028473,0.009294750016937848,0.8325,3.35,0.3500000000000001,0.3500000000000001,0.0,0.1602289080619812,0.009479045867919922,0.009479045867919922,0.0013987181009724736,0.27051860094070435,0.009557505138218403,2.5637871203798568e-06,-1.148199200630188,-0.9221230149269104,0.4605681300163269
Direct PPO,1089,3.0,0.0,3.0,True,True,True,0.6000851134988227,0.00870134023143228,0.79,4.2,1.2000000000000002,1.2000000000000002,0.0,0.5915656685829163,0.0068416595458984375,0.0068416595458984375,0.0024244249798357487,0.45929399132728577,0.006848977878689766,3.4874851735366974e-06,-1.8535881042480469,0.5890284776687622,0.37915652990341187
Direct PPO,1090,3.0,0.0,3.0,True,True,True,0.2851101998432412,0.0036108184590130754,0.87,2.6,0.0,0.0,0.0,0.027761327102780342,0.0033888816833496094,0.0033888816833496094,0.003070172620937228,0.5585477352142334,0.0037094384897500277,1.043084921548143e-06,-0.9845758080482483,-0.6573527455329895,0.30003631114959717
Direct PPO,1091,3.0,0.0,3.0,True,True,True,0.6078864763491438,0.0069730454410204335,0.7925,4.15,1.1500000000000004,1.1500000000000004,0.0,0.5664951205253601,0.006120204925537109,0.006120204925537109,0.0026359420735388994,0.47765791416168213,0.006150347180664539,4.202330728730885e-06,-1.8845704793930054,-0.6914018392562866,0.36124923825263977
Direct PPO,1092,3.0,0.0,3.0,True,True,True,0.6005237798680864,0.00449193728573705,0.7975,4.05,1.0499999999999998,1.0499999999999998,0.0,0.5030581951141357,0.003986358642578125,0.003986358642578125,0.0028646234422922134,0.5697594881057739,0.004201981239020824,1.4009166307005216e-06,-1.9696727991104126,-0.2278679758310318,0.31251582503318787
Direct PPO,1093,3.0,0.0,3.0,True,True,True,0.2618026066216083,0.008442831710100374,0.8625,2.75,0.0,0.0,0.0,0.07364743947982788,0.008617401123046875,0.008617401123046875,0.0016109684947878122,0.3192249536514282,0.008638469502329826,3.695835403050296e-06,-0.8791002631187439,0.07968070358037949,0.43002596497535706
Direct PPO,1094,3.0,0.0,3.0,True,True,True,0.24369222579202926,0.002558635032028281,0.88,2.4000000000000004,0.0,0.0,0.0,0.022603394463658333,0.0022569894790649414,0.0009355545043945312,0.0030137847643345594,0.5768418908119202,0.0023231511004269123,2.7120170216221595e-06,-0.9031349420547485,-0.5643354058265686,0.2514164447784424
Direct PPO,1095,3.0,0.0,3.0,True,True,True,0.36368625585025494,0.003314817872881014,0.8475,3.0500000000000003,0.050000000000000266,0.050000000000000266,0.0,0.02109728939831257,0.0031113624572753906,0.0031113624572753906,0.0029191584326326847,0.5470459461212158,0.003491864074021578,1.788139684322232e-06,-1.3096781969070435,-0.4019305408000946,0.2943161725997925
Direct PPO,1096,3.0,0.0,3.0,True,True,True,0.20769053269448012,0.0032431791631246923,0.8725,2.5500000000000003,0.0,0.0,0.0,0.07048525661230087,0.0028423070907592773,0.0028423070907592773,0.0022568446584045887,0.37312740087509155,0.0027678096666932106,5.364723278944439e-07,-0.5565752387046814,0.7886120080947876,0.27283963561058044
Direct PPO,1097,3.0,0.0,3.0,True,True,True,0.3500734693995542,0.002716905405929835,0.85,3.0,0.0,0.0,0.0,0.028932545334100723,0.002191781997680664,0.002191781997680664,0.00312935677357018,0.6725095510482788,0.0027870116755366325,2.32459683502384e-06,-1.3080552816390991,0.037033263593912125,0.27344202995300293
Direct PPO,1098,3.0,0.0,3.0,True,True,True,0.3991826278656565,0.010606539208660566,0.8225,3.5500000000000003,0.5500000000000003,0.5500000000000003,0.0,0.2515746057033539,0.009817123413085938,0.009817123413085938,0.001211517839692533,0.23272117972373962,0.00993442814797163,1.8820119862539286e-07,-1.2224541902542114,-0.25077617168426514,0.4742331802845001
Direct PPO,1099,3.0,0.0,3.0,True,True,True,0.6083875450551453,0.00821524530632528,0.79,4.2,1.2000000000000002,1.2000000000000002,0.0,0.6216235160827637,0.006473541259765625,0.006473541259765625,0.0026268495712429285,0.4574924409389496,0.006490601692348719,9.852947187027894e-07,-1.9130916595458984,0.09447009861469269,0.36984628438949585
Residual PPO,1000,3.0,0.0,3.0,True,True,True,0.3612095665501576,0.013683193356569064,0.8125,3.75,0.75,0.75,0.0,0.26495763659477234,0.005000114440917969,0.005000114440917969,3.3793032343965024e-05,0.05571926385164261,0.005001693498343229,1.3944091733719688e-05,-1.2179213762283325,0.20768369734287262,0.34128254652023315
Residual PPO,1001,3.0,0.0,3.0,True,True,True,0.3760833371911697,0.016620411467153002,0.81,3.8000000000000003,0.8000000000000003,0.8000000000000003,0.0,0.2646327316761017,0.0018596649169921875,0.0018596649169921875,4.318963328842074e-05,0.05437629297375679,0.0019275072263553739,1.6550966392969713e-05,-1.0811076164245605,-0.9685990810394287,0.25630688667297363
Residual PPO,1002,3.0,0.0,3.0,True,True,True,0.4624569899563298,0.02143478039041708,0.7875,4.25,1.25,1.25,0.0,0.44101011753082275,0.007960319519042969,0.007960319519042969,3.219581412849948e-05,0.05298702046275139,0.007963348180055618,2.4469538402627222e-05,-1.428768277168274,-0.28562131524086,0.4242836833000183
Residual PPO,1003,3.0,0.0,3.0,True,True,True,0.5438386014875692,0.023328004221357272,0.7725,4.55,1.5499999999999998,1.5499999999999998,0.0,0.5311734080314636,0.005235195159912109,0.005235195159912109,3.670249861897901e-05,0.05634022131562233,0.005236085969954729,2.6381725547253154e-05,-1.7183640003204346,-0.48658838868141174,0.34840381145477295
Residual PPO,1004,3.0,0.0,3.0,True,True,True,0.6163114995931639,0.024074100971503774,0.7625,4.75,1.75,1.75,0.0,0.5890651345252991,0.0012950897216796875,0.0012950897216796875,4.413809801917523e-05,0.055192913860082626,0.0014178375713527203,2.4515633413102478e-05,-1.998679280281067,-0.7396973967552185,0.24154320359230042
Residual PPO,1005,3.0,0.0,3.0,True,True,True,0.602458150752614,0.020859227249441774,0.7675,4.65,1.6500000000000004,1.6500000000000004,0.0,0.5757550001144409,0.0029582977294921875,0.0029582977294921875,3.913275577360764e-05,0.055166564881801605,0.0029817847535014153,2.1567355361185037e-05,-1.8766711950302124,0.8611240983009338,0.28618520498275757
Residual PPO,1006,3.0,0.0,3.0,True,True,True,0.43632839985692107,0.015342537030091408,0.795,4.1000000000000005,1.1000000000000005,1.1000000000000005,0.0,0.3578074276447296,0.0030965805053710938,0.0030965805053710938,3.6151803215034306e-05,0.053231265395879745,0.0031171035952866077,1.1388018720026594e-05,-1.4946178197860718,0.20171388983726501,0.28934937715530396
Residual PPO,1007,3.0,0.0,3.0,True,True,True,0.639272329207733,0.028452311478134054,0.755,4.9,1.9000000000000004,1.9000000000000004,0.0,0.7272674441337585,0.006842613220214844,0.006842613220214844,3.290406311862171e-05,0.05471135675907135,0.00684319855645299,2.6273884941474535e-05,-1.8931626081466675,0.6319606900215149,0.39287856221199036
Residual PPO,1008,3.0,0.0,3.0,True,True,True,0.5335387922239125,0.017587458260093943,0.7775,4.45,1.4500000000000002,1.4500000000000002,0.0,0.47597017884254456,0.0021986961364746094,0.0021986961364746094,3.853837915812619e-05,0.05558688938617706,0.002247939119115472,1.3434510037768632e-05,-1.749120831489563,0.6261014938354492,0.26522985100746155
Residual PPO,1009,3.0,0.0,3.0,True,True,True,0.5579289327199792,0.019593172796348646,0.77,4.6000000000000005,1.6000000000000005,1.6000000000000005,0.0,0.5098438262939453,0.0003190040588378906,0.0003190040588378906,4.177825394435786e-05,0.05725100636482239,0.0007689861813560128,1.8362397895543836e-05,-1.9152493476867676,-0.3461688160896301,0.2149554342031479
Residual PPO,1010,3.0,0.0,3.0,True,True,True,0.6557147704746803,0.03814190542191486,0.74,5.2,2.2,2.2,0.0,0.8880207538604736,0.009691238403320312,0.009691238403320312,2.8691438274108805e-05,0.05450551584362984,0.00969989225268364,4.745781552628614e-05,-1.8575115203857422,0.07161146402359009,0.4753030240535736
Residual PPO,1011,3.0,0.0,3.0,True,True,True,0.45351419651851005,0.015551381617374729,0.79,4.2,1.2000000000000002,1.2000000000000002,0.0,0.37776124477386475,0.0021457672119140625,0.0021457672119140625,3.744530840776861e-05,0.05368965491652489,0.0021974556148052216,1.2921393135911785e-05,-1.57381272315979,0.12664707005023956,0.26378002762794495
Residual PPO,1012,3.0,0.0,3.0,True,True,True,0.463281165026422,0.015351935720208347,0.7925,4.15,1.1500000000000004,1.1500000000000004,0.0,0.3794381320476532,0.0024318695068359375,0.0024318695068359375,3.762917185667902e-05,0.05304685980081558,0.0024710961151868105,1.3396152098721359e-05,-1.5405192375183105,0.561293363571167,0.2715309262275696
Residual PPO,1013,3.0,0.0,3.0,True,True,True,0.3158614603824914,0.015486035028494724,0.8175,3.6500000000000004,0.6500000000000004,0.6500000000000004,0.0,0.22113685309886932,0.007170677185058594,0.007170677185058594,4.7975743655115366e-05,0.06542210280895233,0.0071718767285346985,2.0352317733340897e-05,-0.8082606196403503,-0.8420410752296448,0.401797890663147
Residual PPO,1014,3.0,0.0,3.0,True,True,True,0.44937043517983744,0.021657643846899416,0.79,4.2,1.2000000000000002,1.2000000000000002,0.0,0.4459036588668823,0.009518623352050781,0.009518623352050781,2.895778561651241e-05,0.054989203810691833,0.009526695124804974,3.117717642453499e-05,-1.3467140197753906,0.1714046150445938,0.4693894386291504
Residual PPO,1015,3.0,0.0,3.0,True,True,True,0.4592255012025719,0.01915055645009371,0.79,4.2,1.2000000000000002,1.2000000000000002,0.0,0.421371728181839,0.006839275360107422,0.006839275360107422,3.1763906008563936e-05,0.05576050654053688,0.006839871406555176,1.858260111475829e-05,-1.4601455926895142,0.21413566172122955,0.39239153265953064
Residual PPO,1016,3.0,0.0,3.0,True,True,True,0.49482224578775713,0.018821691029434946,0.7825,4.3500000000000005,1.3500000000000005,1.3500000000000005,0.0,0.4478244185447693,0.003688335418701172,0.003688335418701172,3.6118104617344216e-05,0.05453181639313698,0.0036991529632359743,2.37389267567778e-05,-1.6580126285552979,-0.11461202055215836,0.3060871958732605
Residual PPO,1017,3.0,0.0,3.0,True,True,True,0.25498970475691984,0.01284474221072207,0.8425,3.1500000000000004,0.15000000000000036,0.15000000000000036,0.0,0.1609152853488922,0.010333061218261719,0.010333061218261719,2.990682696690783e-05,0.050358716398477554,0.010344062931835651,7.2557045314169955e-06,-0.62247234582901,0.6426637768745422,0.4917738139629364
Residual PPO,1018,3.0,0.0,3.0,True,True,True,0.3585906440022958,0.017075959334439558,0.8125,3.75,0.75,0.75,0.0,0.2939680516719818,0.009282112121582031,0.009282112121582031,3.0020570193300955e-05,0.05410560593008995,0.009289258159697056,1.357173914584564e-05,-1.1090368032455444,-0.0900818482041359,0.4614541530609131
Residual PPO,1019,3.0,0.0,3.0,True,True,True,0.5148280684656397,0.02096084951867998,0.7775,4.45,1.4500000000000002,1.4500000000000002,0.0,0.48964518308639526,0.004947185516357422,0.004947185516357422,3.52579663740471e-05,0.05667103826999664,0.004948955029249191,1.822301965148654e-05,-1.674609661102295,-0.20800989866256714,0.34006524085998535
Residual PPO,1020,3.0,0.0,3.0,True,True,True,0.319119361798938,0.01222703075551813,0.825,3.5,0.5,0.5,0.0,0.20030070841312408,0.0006151199340820312,0.0006151199340820312,3.7560319469776005e-05,0.05772735923528671,0.000903709908016026,1.3788575415674131e-05,-1.1319496631622314,-0.4326494336128235,0.2227078378200531
Residual PPO,1021,3.0,0.0,3.0,True,True,True,0.5359554323992696,0.02965970171279438,0.7675,4.65,1.6500000000000004,1.6500000000000004,0.0,0.5869507193565369,0.010480880737304688,0.010480880737304688,3.4828677598852664e-05,0.05463282763957977,0.010492485947906971,3.0480723580694757e-05,-1.4384177923202515,-0.8382971882820129,0.49743902683258057
Residual PPO,1022,3.0,0.0,3.0,True,True,True,0.6856614998964229,0.029940199147362852,0.7475,5.050000000000001,2.0500000000000007,2.0500000000000007,0.0,0.7891445159912109,0.0062732696533203125,0.0062732696533203125,3.501401442917995e-05,0.05289324373006821,0.006273310631513596,2.497606328688562e-05,-1.999210000038147,0.8368335366249084,0.37694433331489563
Residual PPO,1023,3.0,0.0,3.0,True,True,True,0.5421852511930904,0.02607387677191626,0.7725,4.55,1.5499999999999998,1.5499999999999998,0.0,0.5802727341651917,0.009636878967285156,0.009636878967285156,3.101288893958554e-05,0.05355868861079216,0.00964532233774662,3.221473525627516e-05,-1.4916963577270508,0.8117974996566772,0.4728805720806122
Residual PPO,1024,3.0,0.0,3.0,True,True,True,0.4610966797741957,0.018551961620146364,0.7925,4.15,1.1500000000000004,1.1500000000000004,0.0,0.3923589885234833,0.003872394561767578,0.003872394561767578,3.8642498111585155e-05,0.056165050715208054,0.003881096839904785,2.3821952709113248e-05,-1.51630699634552,-0.48329436779022217,0.3110935389995575
Residual PPO,1025,3.0,0.0,3.0,True,True,True,0.20762118218142367,0.007234308348121746,0.8575,2.85,0.0,0.0,0.0,0.08521880209445953,0.0015974044799804688,0.0015974044799804688,3.6361616366775706e-05,0.05492113158106804,0.001686630304902792,5.382567451306386e-06,-0.7683239579200745,0.258014976978302,0.24864348769187927
Residual PPO,1026,3.0,0.0,3.0,True,True,True,0.509953556653324,0.01727477500172671,0.78,4.4,1.4000000000000004,1.4000000000000004,0.0,0.45447275042533875,0.0019388198852539062,0.0019388198852539062,3.780873157666065e-05,0.0565347783267498,0.0020020385272800922,1.5804791473783553e-05,-1.7438942193984985,0.19023452699184418,0.2583710551261902
Residual PPO,1027,3.0,0.0,3.0,True,True,True,0.6339989595425122,0.028007719825647155,0.7525,4.95,1.9500000000000002,1.9500000000000002,0.0,0.7194735407829285,0.005995750427246094,0.005995750427246094,3.274477057857439e-05,0.05602428689599037,0.005995755549520254,2.9756920412182808e-05,-1.9580382108688354,0.12429128587245941,0.36954861879348755
Residual PPO,1028,3.0,0.0,3.0,True,True,True,0.23994916693895374,0.011350352446504218,0.8475,3.0500000000000003,0.050000000000000266,0.050000000000000266,0.0,0.14036519825458527,0.007212638854980469,0.007212638854980469,3.6491335777100176e-05,0.05677872151136398,0.007213898003101349,1.2916766536363866e-05,-0.7757433652877808,-0.22796711325645447,0.4025936424732208
Residual PPO,1029,3.0,0.0,3.0,True,True,True,0.23715332595249355,0.008169655058761046,0.8575,2.85,0.0,0.0,0.0,0.11591704189777374,0.00034046173095703125,0.00034046173095703125,3.6743782402481884e-05,0.05146240442991257,0.0007768401992507279,3.2304915293934755e-06,-0.7448340058326721,0.6458722352981567,0.214758962392807
Residual PPO,1030,3.0,0.0,3.0,True,True,True,0.5955281522002314,0.031078558350822964,0.7625,4.75,1.75,1.75,0.0,0.6474699974060059,0.008636474609375,0.008636474609375,3.807864777627401e-05,0.05486126244068146,0.008641497232019901,3.102056143688969e-05,-1.6447029113769531,-0.9496257901191711,0.4438457489013672
Residual PPO,1031,3.0,0.0,3.0,True,True,True,0.36069608613804366,0.014625694541133258,0.8225,3.5500000000000003,0.5500000000000003,0.5500000000000003,0.0,0.23595042526721954,0.0070781707763671875,0.0070781707763671875,3.718184962053783e-05,0.05111182481050491,0.0070791481994092464,1.0611074685584754e-05,-0.9611496329307556,0.9009804725646973,0.39864641427993774
Residual PPO,1032,3.0,0.0,3.0,True,True,True,0.26024492422186873,0.01449673767591098,0.8325,3.35,0.3500000000000001,0.3500000000000001,0.0,0.18040551245212555,0.010565757751464844,0.010565757751464844,3.37668061547447e-05,0.05468523129820824,0.010577704757452011,1.2755440366163384e-05,-0.6833899617195129,-0.5306191444396973,0.49894750118255615
Residual PPO,1033,3.0,0.0,3.0,True,True,True,0.30142455224302767,0.01404701410006488,0.8325,3.35,0.3500000000000001,0.3500000000000001,0.0,0.1887768656015396,0.009778022766113281,0.009778022766113281,3.062750329263508e-05,0.05158557370305061,0.009787026792764664,1.764213084243238e-05,-0.7577928304672241,0.7459949851036072,0.4761985242366791
Residual PPO,1034,3.0,0.0,3.0,True,True,True,0.20482997411697815,0.009737574264769667,0.8525,2.95,0.0,0.0,0.0,0.14403298497200012,0.0006427764892578125,0.0006427764892578125,4.088414425496012e-05,0.05516786500811577,0.0009202964720316231,1.0575606211205013e-05,-0.5296080112457275,-0.6777904629707336,0.22327283024787903
Residual PPO,1035,3.0,0.0,3.0,True,True,True,0.5005165022576762,0.02403917001419142,0.7775,4.45,1.4500000000000002,1.4500000000000002,0.0,0.5163313150405884,0.008394241333007812,0.008394241333007812,3.129054312012158e-05,0.054543595761060715,0.008398514240980148,2.8070231564925052e-05,-1.5201642513275146,-0.23973245918750763,0.436818927526474
Residual PPO,1036,3.0,0.0,3.0,True,True,True,0.49636031526192276,0.01874446498900065,0.785,4.3,1.2999999999999998,1.2999999999999998,0.0,0.44634827971458435,0.005269050598144531,0.005269050598144531,3.439545616856776e-05,0.05180274695158005,0.005269885063171387,2.006366958084982e-05,-1.558912754058838,0.6018440127372742,0.34900519251823425
Residual PPO,1037,3.0,0.0,3.0,True,True,True,0.48075794834040486,0.021110840268792567,0.785,4.3,1.2999999999999998,1.2999999999999998,0.0,0.4484040439128876,0.006482601165771484,0.006482601165771484,3.4506556403357536e-05,0.05553215369582176,0.006482794415205717,2.308582406840287e-05,-1.5164998769760132,-0.3818822205066681,0.38270920515060425
Residual PPO,1038,3.0,0.0,3.0,True,True,True,0.4864528418480248,0.02071700329344498,0.79,4.2,1.2000000000000002,1.2000000000000002,0.0,0.41457459330558777,0.004140377044677734,0.004140377044677734,4.174105197307654e-05,0.05634520575404167,0.004146654158830643,1.9305562091176398e-05,-1.5098652839660645,-0.8029577136039734,0.31811848282814026
Residual PPO,1039,3.0,0.0,3.0,True,True,True,0.20191070644222361,0.00906906304770791,0.86,2.8000000000000003,0.0,0.0,0.0,0.10731779783964157,0.005900382995605469,0.005900382995605469,3.283248224761337e-05,0.05457356944680214,0.005900407675653696,1.5028687812446151e-05,-0.6960156559944153,-0.0387578122317791,0.3661683201789856
Residual PPO,1040,3.0,0.0,3.0,True,True,True,0.2632780248036639,0.011347396112603342,0.845,3.1,0.10000000000000009,0.10000000000000009,0.0,0.14749769866466522,0.007603645324707031,0.007603645324707031,3.1894462154014036e-05,0.0505857914686203,0.007605741731822491,1.2641932698898017e-05,-0.7547146081924438,0.5635512471199036,0.4134989380836487
Residual PPO,1041,3.0,0.0,3.0,True,True,True,0.21441344266458162,0.011732561049900943,0.855,2.9000000000000004,0.0,0.0,0.0,0.13482941687107086,0.009401321411132812,0.009401321411132812,3.134053622488864e-05,0.05626041814684868,0.009408990852534771,1.696733852440957e-05,-0.6478168964385986,-0.19675222039222717,0.46515655517578125
Residual PPO,1042,3.0,0.0,3.0,True,True,True,0.4538705144520529,0.019265359463827302,0.7925,4.15,1.1500000000000004,1.1500000000000004,0.0,0.40630075335502625,0.006130218505859375,0.006130218505859375,3.403717710170895e-05,0.05474351346492767,0.00613022455945611,2.076398959616199e-05,-1.463887333869934,-0.25558269023895264,0.3728010952472687
Residual PPO,1043,3.0,0.0,3.0,True,True,True,0.5642242312306405,0.02418181575516368,0.7725,4.55,1.5499999999999998,1.5499999999999998,0.0,0.5326324105262756,0.0041866302490234375,0.0041866302490234375,4.1297098505310714e-05,0.05651281028985977,0.004192560911178589,2.1603709683404304e-05,-1.7490100860595703,-0.7958716750144958,0.31946444511413574
Residual PPO,1044,3.0,0.0,3.0,True,True,True,0.5992311773346443,0.018117617869650497,0.7675,4.65,1.6500000000000004,1.6500000000000004,0.0,0.5539347529411316,0.00012683868408203125,0.00012683868408203125,4.175200228928588e-05,0.05522153526544571,0.0007362143369391561,1.5542596884188242e-05,-1.981444239616394,0.7169352173805237,0.20961801707744598
Residual PPO,1045,3.0,0.0,3.0,True,True,True,0.24043115399796006,0.011921353391011077,0.8475,3.0500000000000003,0.050000000000000266,0.050000000000000266,0.0,0.15098094940185547,0.007683753967285156,0.007683753967285156,3.649918653536588e-05,0.05597039312124252,0.00768606411293149,1.370856352878036e-05,-0.7272861003875732,-0.39523494243621826,0.4158290922641754
Residual PPO,1046,3.0,0.0,3.0,True,True,True,0.6311998971918823,0.028130668007809233,0.755,4.9,1.9000000000000004,1.9000000000000004,0.0,0.7145208716392517,0.006968975067138672,0.006968975067138672,3.281731915194541e-05,0.05283579230308533,0.006969756912440062,2.7617479645414278e-05,-1.868130087852478,0.6265861392021179,0.39649125933647156
Residual PPO,1047,3.0,0.0,3.0,True,True,True,0.3337308119945226,0.012694326551904628,0.82,3.6,0.6000000000000001,0.6000000000000001,0.0,0.22763532400131226,0.0034356117248535156,0.0034356117248535156,3.581165583455004e-05,0.05663987994194031,0.0034499196335673332,1.4883230505802203e-05,-1.1699552536010742,-0.14992530643939972,0.29876548051834106
Residual PPO,1048,3.0,0.0,3.0,True,True,True,0.34747291233635924,0.017993744415479185,0.81,3.8000000000000003,0.8000000000000003,0.8000000000000003,0.0,0.2609550952911377,0.010003089904785156,0.010003089904785156,3.533685230650008e-05,0.056852154433727264,0.010012884624302387,1.3787170246359892e-05,-0.9076822996139526,-0.7630760073661804,0.4824531674385071
Residual PPO,1049,3.0,0.0,3.0,True,True,True,0.5319633190981956,0.025200750546482683,0.77,4.6000000000000005,1.6000000000000005,1.6000000000000005,0.0,0.5751568078994751,0.008275985717773438,0.008275985717773438,3.021694465132896e-05,0.054495058953762054,0.008279870264232159,2.606411544547882e-05,-1.6127384901046753,0.09402617067098618,0.43331217765808105
Residual PPO,1050,3.0,0.0,3.0,True,True,True,0.4350987949909772,0.022915423569298713,0.7925,4.15,1.1500000000000004,1.1500000000000004,0.0,0.4314000904560089,0.010535240173339844,0.010535240173339844,3.057906360481866e-05,0.05565796419978142,0.010547056794166565,2.5346645998070017e-05,-1.2507070302963257,-0.40418457984924316,0.49881017208099365
Residual PPO,1051,3.0,0.0,3.0,True,True,True,0.26431789598665983,0.011323736010086446,0.8425,3.1500000000000004,0.15000000000000036,0.15000000000000036,0.0,0.16079232096672058,0.0019488334655761719,0.0019488334655761719,3.8478916394524276e-05,0.05782900005578995,0.0020110695622861385,1.1554316188266966e-05,-0.8433747291564941,-0.6024307608604431,0.2584548592567444
Residual PPO,1052,3.0,0.0,3.0,True,True,True,0.47278937412101474,0.01822258956072124,0.7875,4.25,1.25,1.25,0.0,0.42126116156578064,0.00439453125,0.00439453125,3.500355524010956e-05,0.05524266138672829,0.004399011377245188,1.7068179658963345e-05,-1.577463150024414,-0.03658809885382652,0.32490968704223633
Residual PPO,1053,3.0,0.0,3.0,True,True,True,0.24837136511232671,0.012827897806415344,0.845,3.1,0.10000000000000009,0.10000000000000009,0.0,0.15944424271583557,0.008838653564453125,0.008838653564453125,3.602297874749638e-05,0.05578303709626198,0.00884433463215828,1.0709512025641743e-05,-0.7320424914360046,-0.38764455914497375,0.44851720333099365
Residual PPO,1054,3.0,0.0,3.0,True,True,True,0.6391269523722567,0.025665367410665187,0.755,4.9,1.9000000000000004,1.9000000000000004,0.0,0.6897295713424683,0.0050983428955078125,0.0050983428955078125,3.484204353298992e-05,0.054321855306625366,0.005099654197692871,2.1521114831557497e-05,-1.9604523181915283,0.6108824014663696,0.3443475067615509
Residual PPO,1055,3.0,0.0,3.0,True,True,True,0.30623254200904976,0.014682528492291753,0.8225,3.5500000000000003,0.5500000000000003,0.5500000000000003,0.0,0.21122196316719055,0.006227970123291016,0.006227970123291016,4.855276711168699e-05,0.0686565712094307,0.006228003650903702,1.1947429811698385e-05,-0.8035520911216736,-0.8197364807128906,0.37500709295272827
Residual PPO,1056,3.0,0.0,3.0,True,True,True,0.24839963371075557,0.011969814042201227,0.835,3.3000000000000003,0.30000000000000027,0.30000000000000027,0.0,0.17597156763076782,0.0048847198486328125,0.0048847198486328125,4.1557195800123736e-05,0.05485446751117706,0.004886659327894449,1.3843806300428696e-05,-0.6173267960548401,-0.7547652125358582,0.33817118406295776
Residual PPO,1057,3.0,0.0,3.0,True,True,True,0.4056414251949154,0.014901214510826044,0.8025,3.95,0.9500000000000002,0.9500000000000002,0.0,0.32110968232154846,0.0034117698669433594,0.0034117698669433594,3.6218527384335175e-05,0.0564812608063221,0.003426517592743039,1.451965727028437e-05,-1.4013786315917969,-0.020997419953346252,0.2980625629425049
Residual PPO,1058,3.0,0.0,3.0,True,True,True,0.6312327945422812,0.028171992083940094,0.7575,4.8500000000000005,1.8500000000000005,1.8500000000000005,0.0,0.6678941249847412,0.005010128021240234,0.005010128021240234,3.878829738823697e-05,0.05684269219636917,0.0050116428174078465,3.0444767617154866e-05,-1.9344123601913452,-0.6835842132568359,0.34246277809143066
Residual PPO,1059,3.0,0.0,3.0,True,True,True,0.3972665547553616,0.01607345279703411,0.805,3.9000000000000004,0.9000000000000004,0.9000000000000004,0.0,0.31310680508613586,0.004569053649902344,0.004569053649902344,3.670670776045881e-05,0.054955821484327316,0.0045724413357675076,2.0310902982600965e-05,-1.3239208459854126,-0.34795770049095154,0.3298633396625519
Residual PPO,1060,3.0,0.0,3.0,True,True,True,0.26284900479481216,0.01466824881713187,0.825,3.5,0.5,0.5,0.0,0.19998349249362946,0.009819984436035156,0.009819984436035156,3.732413097168319e-05,0.052358414977788925,0.009829203598201275,2.043063796008937e-05,-0.5232435464859009,-0.8263487219810486,0.4775193929672241
Residual PPO,1061,3.0,0.0,3.0,True,True,True,0.3013930974848205,0.010866858555503244,0.8275,3.45,0.4500000000000002,0.4500000000000002,0.0,0.18066832423210144,0.0030946731567382812,0.0030946731567382812,3.347654273966327e-05,0.055966950953006744,0.0031151194125413895,9.97618099063402e-06,-1.0766786336898804,0.09924349933862686,0.28927016258239746
Residual PPO,1062,3.0,0.0,3.0,True,True,True,0.35277911145896823,0.016931326091073576,0.815,3.7,0.7000000000000002,0.7000000000000002,0.0,0.2628786861896515,0.008145332336425781,0.008145332336425781,3.599182309699245e-05,0.05415168032050133,0.00814889743924141,2.018787563429214e-05,-1.020176649093628,-0.6513675451278687,0.4292861223220825
Residual PPO,1063,3.0,0.0,3.0,True,True,True,0.20013959660225067,0.007652668965820275,0.87,2.6,0.0,0.0,0.0,0.11412312090396881,0.003108501434326172,0.003108501434326172,2.833274265867658e-05,0.049730684608221054,0.003128601238131523,7.544506388512673e-06,-0.5567145943641663,0.6067063212394714,0.2895512878894806
Residual PPO,1064,3.0,0.0,3.0,True,True,True,0.46044632617698633,0.0160682424018262,0.79,4.2,1.2000000000000002,1.2000000000000002,0.0,0.3844558596611023,0.0013566017150878906,0.0013566017150878906,3.937203291570768e-05,0.055054496973752975,0.0014716737205162644,1.713128949631937e-05,-1.6129041910171509,-0.13716638088226318,0.24278511106967926
Residual PPO,1065,3.0,0.0,3.0,True,True,True,0.21397964609101167,0.012054306622598569,0.845,3.1,0.10000000000000009,0.10000000000000009,0.0,0.15548859536647797,0.009021759033203125,0.009021759033203125,3.362805728102103e-05,0.056316182017326355,0.009028063155710697,1.0082629160024226e-05,-0.5033138990402222,-0.5932050347328186,0.453745573759079
Residual PPO,1066,3.0,0.0,3.0,True,True,True,0.3826971067691743,0.011865431729007126,0.8075,3.85,0.8500000000000001,0.8500000000000001,0.0,0.2697591185569763,7.677078247070312e-05,7.677078247070312e-05,3.8107777072582394e-05,0.05479497089982033,0.000734869041480124,1.1166843250975944e-05,-1.3762075901031494,0.32575497031211853,0.20805609226226807
Residual PPO,1067,3.0,0.0,3.0,True,True,True,0.2591376777732632,0.010138627777414809,0.84,3.2,0.20000000000000018,0.20000000000000018,0.0,0.1648588478565216,0.0,0.0,3.2689484214643016e-05,0.04732120409607887,0.0007733528036624193,1.1462875590950716e-06,-0.6176835894584656,0.9055254459381104,0.20151829719543457
Residual PPO,1068,3.0,0.0,3.0,True,True,True,0.23579704700982537,0.008046532473021792,0.855,2.9000000000000004,0.0,0.0,0.0,0.10830090194940567,0.0016617774963378906,0.0016617774963378906,3.756290607270785e-05,0.05689382180571556,0.0017451985040679574,7.235290468088351e-06,-0.7787961959838867,0.5352519750595093,0.25048118829727173
Residual PPO,1069,3.0,0.0,3.0,True,True,True,0.23335675295129105,0.009373721224410306,0.845,3.1,0.10000000000000009,0.10000000000000009,0.0,0.15524324774742126,0.0015549659729003906,0.0015549659729003906,2.91042906610528e-05,0.04623532295227051,0.0016481367638334632,4.902690307062585e-06,-0.5076419115066528,0.8446078896522522,0.24751581251621246
Residual PPO,1070,3.0,0.0,3.0,True,True,True,0.5262418514637517,0.016609590425489342,0.785,4.3,1.2999999999999998,1.2999999999999998,0.0,0.4384106695652008,0.0008563995361328125,0.0008563995361328125,4.268900374881923e-05,0.05445069819688797,0.001065391581505537,1.434242949471809e-05,-1.6644020080566406,0.9533751606941223,0.22921264171600342
Residual PPO,1071,3.0,0.0,3.0,True,True,True,0.5082069159465077,0.01675522460377925,0.785,4.3,1.2999999999999998,1.2999999999999998,0.0,0.4331510663032532,0.0023593902587890625,0.0023593902587890625,3.896854832419194e-05,0.05516229197382927,0.0024014052469283342,1.6636220607324503e-05,-1.6379417181015015,0.7469041347503662,0.26974478363990784
Residual PPO,1072,3.0,0.0,3.0,True,True,True,0.40939697882487186,0.0188894508659387,0.8,4.0,1.0,1.0,0.0,0.3659300208091736,0.009420394897460938,0.009420394897460938,2.908472015406005e-05,0.05442333593964577,0.009428090415894985,2.451166983519215e-05,-1.22187077999115,0.3675197660923004,0.4661308228969574
Residual PPO,1073,3.0,0.0,3.0,True,True,True,0.5137246299077144,0.02030070553813928,0.785,4.3,1.2999999999999998,1.2999999999999998,0.0,0.4671793282032013,0.006397247314453125,0.006397247314453125,3.4934513678308576e-05,0.05418814718723297,0.006397361401468515,1.7574249795870855e-05,-1.5133368968963623,0.8512749075889587,0.3800120949745178
Residual PPO,1074,3.0,0.0,3.0,True,True,True,0.1845224327364672,0.01162498675628628,0.8625,2.75,0.0,0.0,0.0,0.12846237421035767,0.010491371154785156,0.010491371154785156,2.989883068948984e-05,0.054845720529556274,0.01050298847258091,5.358542694011703e-06,-0.5001789927482605,-0.2884053587913513,0.4962819218635559
Residual PPO,1075,3.0,0.0,3.0,True,True,True,0.30818531524242876,0.011324567891484068,0.835,3.3000000000000003,0.30000000000000027,0.30000000000000027,0.0,0.17950092256069183,0.0012459754943847656,0.0012459754943847656,3.9092174120014533e-05,0.04984830319881439,0.001376754604279995,4.068169346282957e-06,-0.8189709782600403,0.9466501474380493,0.23914383351802826
Residual PPO,1076,3.0,0.0,3.0,True,True,True,0.4946329771632078,0.024718053262355745,0.7825,4.3500000000000005,1.3500000000000005,1.3500000000000005,0.0,0.4994146525859833,0.008947372436523438,0.008947372436523438,3.34107389790006e-05,0.05530257523059845,0.008953460492193699,3.052285319427028e-05,-1.445397138595581,-0.562984049320221,0.45283621549606323
Residual PPO,1077,3.0,0.0,3.0,True,True,True,0.26602856595788826,0.012759940987258243,0.8275,3.45,0.4500000000000002,0.4500000000000002,0.0,0.1945819854736328,0.0023565292358398438,0.0023565292358398438,4.4798282033298165e-05,0.061846207827329636,0.0023983505088835955,1.127683117374545e-05,-0.6151338219642639,-0.8893533945083618,0.2694230377674103
Residual PPO,1078,3.0,0.0,3.0,True,True,True,0.23145256818143542,0.010550663121833871,0.845,3.1,0.10000000000000009,0.10000000000000009,0.0,0.15552285313606262,0.0010662078857421875,0.0010662078857421875,4.526311386143789e-05,0.0681757777929306,0.0012264832621440291,9.470153599977493e-06,-0.6580581068992615,-0.6858707666397095,0.23459486663341522
Residual PPO,1079,3.0,0.0,3.0,True,True,True,0.28283951879752917,0.014003831543328385,0.83,3.4000000000000004,0.40000000000000036,0.40000000000000036,0.0,0.19197073578834534,0.010272979736328125,0.010272979736328125,3.117424785159528e-05,0.048200059682130814,0.01028369553387165,2.725627382460516e-06,-0.5874135494232178,0.8651593327522278,0.4896434247493744
Residual PPO,1080,3.0,0.0,3.0,True,True,True,0.24638023380063617,0.010183931893659081,0.85,3.0,0.0,0.0,0.0,0.14588481187820435,0.005969047546386719,0.005969047546386719,3.0383576813619584e-05,0.05107704922556877,0.005969057325273752,6.328351446427405e-06,-0.6397119164466858,0.7102972865104675,0.367546945810318
Residual PPO,1081,3.0,0.0,3.0,True,True,True,0.43536777907451796,0.015148978886971292,0.805,3.9000000000000004,0.9000000000000004,0.9000000000000004,0.0,0.3284093141555786,0.0035161972045898438,0.0035161972045898438,3.811847636825405e-05,0.05115561932325363,0.003529487643390894,1.018291095533641e-05,-1.3320256471633911,0.8601993322372437,0.3006768822669983
Residual PPO,1082,3.0,0.0,3.0,True,True,True,0.2785293839427279,0.011386706070132719,0.835,3.3000000000000003,0.30000000000000027,0.30000000000000027,0.0,0.16298913955688477,0.003928661346435547,0.003928661346435547,3.5648656194098294e-05,0.05695311352610588,0.003936902619898319,8.711430382390972e-06,-0.9581221342086792,-0.30673766136169434,0.3117980659008026
Residual PPO,1083,3.0,0.0,3.0,True,True,True,0.4100757296212966,0.012609317356937452,0.805,3.9000000000000004,0.9000000000000004,0.9000000000000004,0.0,0.29498305916786194,0.0003886222839355469,0.0003886222839355469,3.9200651372084394e-05,0.05405750125646591,0.000793584855273366,1.0664884030120447e-05,-1.3940625190734863,0.6289385557174683,0.21643398702144623
Residual PPO,1084,3.0,0.0,3.0,True,True,True,0.3095086411696729,0.01549598114949029,0.8175,3.6500000000000004,0.6500000000000004,0.6500000000000004,0.0,0.22291424870491028,0.007361412048339844,0.007361412048339844,4.517088018474169e-05,0.055608294904232025,0.007363000884652138,1.9573710233089514e-05,-0.7371216416358948,-0.8951173424720764,0.4071005880832672
Residual PPO,1085,3.0,0.0,3.0,True,True,True,0.22112040504356356,0.010674087333313716,0.8525,2.95,0.0,0.0,0.0,0.12547478079795837,0.007616996765136719,0.007616996765136719,3.308123996248469e-05,0.05637222155928612,0.007619136944413185,1.2533023436844815e-05,-0.7224554419517517,-0.08529454469680786,0.4138740301132202
Residual PPO,1086,3.0,0.0,3.0,True,True,True,0.28672479468240464,0.014609170942935875,0.825,3.5,0.5,0.5,0.0,0.19795957207679749,0.008494377136230469,0.008494377136230469,4.1397881432203576e-05,0.05526653304696083,0.008498967625200748,1.2496888302848674e-05,-0.7490203976631165,-0.7008727788925171,0.4387705326080322
Residual PPO,1087,3.0,0.0,3.0,True,True,True,0.42493704430554297,0.018652247674637173,0.8025,3.95,0.9500000000000002,0.9500000000000002,0.0,0.3311249315738678,0.004489898681640625,0.004489898681640625,4.246379103278741e-05,0.05723519250750542,0.004493757151067257,1.5187599274213426e-05,-1.2718281745910645,-0.8616007566452026,0.3274095356464386
Residual PPO,1088,3.0,0.0,3.0,True,True,True,0.43281158815292475,0.021765235430448764,0.7925,4.15,1.1500000000000004,1.1500000000000004,0.0,0.3659878969192505,0.0092315673828125,0.0092315673828125,3.8189857150428e-05,0.05627141147851944,0.009238620288670063,2.279863110743463e-05,-1.148199200630188,-0.9221230149269104,0.4605681300163269
Residual PPO,1089,3.0,0.0,3.0,True,True,True,0.6145689079131534,0.026189427839675785,0.76,4.800000000000001,1.8000000000000007,1.8000000000000007,0.0,0.6701358556747437,0.006357669830322266,0.006357669830322266,3.324971839901991e-05,0.05512060597538948,0.0063577559776604176,2.2602975150221027e-05,-1.8535881042480469,0.5890284776687622,0.37915652990341187
Residual PPO,1090,3.0,0.0,3.0,True,True,True,0.31506368838905574,0.01355310322599208,0.83,3.4000000000000004,0.40000000000000036,0.40000000000000036,0.0,0.20381583273410797,0.003487110137939453,0.003487110137939453,3.8386588130379096e-05,0.05768938735127449,0.0035006410907953978,1.2649662494368386e-05,-0.9845758080482483,-0.6573527455329895,0.30003631114959717
Residual PPO,1091,3.0,0.0,3.0,True,True,True,0.6221154834026604,0.028546929104281443,0.76,4.800000000000001,1.8000000000000007,1.8000000000000007,0.0,0.6631802320480347,0.005690097808837891,0.005690097808837891,3.7966987292747945e-05,0.05347930267453194,0.005690254736691713,3.2085401471704245e-05,-1.8845704793930054,-0.6914018392562866,0.36124923825263977
Residual PPO,1092,3.0,0.0,3.0,True,True,True,0.611755430678597,0.02473466354453025,0.76,4.800000000000001,1.8000000000000007,1.8000000000000007,0.0,0.636431872844696,0.003916740417480469,0.003916740417480469,3.634329550550319e-05,0.056606680154800415,0.003925046883523464,2.8546592147904448e-05,-1.9696727991104126,-0.2278679758310318,0.31251582503318787
Residual PPO,1093,3.0,0.0,3.0,True,True,True,0.2733713639627044,0.012566205694530234,0.835,3.3000000000000003,0.30000000000000027,0.30000000000000027,0.0,0.16615714132785797,0.008182525634765625,0.008182525634765625,3.1737450626678765e-05,0.05455237254500389,0.008186180144548416,1.3415681678452529e-05,-0.8791002631187439,0.07968070358037949,0.43002596497535706
Residual PPO,1094,3.0,0.0,3.0,True,True,True,0.27373230040646773,0.011451329402071796,0.8425,3.1500000000000004,0.15000000000000036,0.15000000000000036,0.0,0.1619623601436615,0.0016865730285644531,0.0016865730285644531,3.667227065307088e-05,0.05702207610011101,0.001767573761753738,1.1913247362826951e-05,-0.9031349420547485,-0.5643354058265686,0.2514164447784424
Residual PPO,1095,3.0,0.0,3.0,True,True,True,0.38648790216027623,0.015200190236059041,0.8075,3.85,0.8500000000000001,0.8500000000000001,0.0,0.2923813462257385,0.0032758712768554688,0.0032758712768554688,3.847349944408052e-05,0.05379455164074898,0.0032928581349551678,1.3300422324391548e-05,-1.3096781969070435,-0.4019305408000946,0.2943161725997925
Residual PPO,1096,3.0,0.0,3.0,True,True,True,0.23160293550562783,0.00905175082924043,0.85,3.0,0.0,0.0,0.0,0.14541089534759521,0.002502918243408203,0.002502918243408203,2.9352713681873865e-05,0.046985700726509094,0.0025395737029612064,1.7456519572078832e-06,-0.5565752387046814,0.7886120080947876,0.27283963561058044
Residual PPO,1097,3.0,0.0,3.0,True,True,True,0.3694741957288935,0.013029132003169552,0.81,3.8000000000000003,0.8000000000000003,0.8000000000000003,0.0,0.2687777578830719,0.0025110244750976562,0.0025110244750976562,3.658982677734457e-05,0.056673675775527954,0.0025473684072494507,9.136680091614835e-06,-1.3080552816390991,0.037033263593912125,0.27344202995300293
Residual PPO,1098,3.0,0.0,3.0,True,True,True,0.4075301196709038,0.02020401777274874,0.8,4.0,1.0,1.0,0.0,0.375171035528183,0.009717941284179688,0.009717941284179688,3.0371804314199835e-05,0.05321934074163437,0.009726636111736298,1.5817760868230835e-05,-1.2224541902542114,-0.25077617168426514,0.4742331802845001
Residual PPO,1099,3.0,0.0,3.0,True,True,True,0.6162301872407062,0.026998098715139876,0.7575,4.8500000000000005,1.8500000000000005,1.8500000000000005,0.0,0.6858360171318054,0.006012439727783203,0.006012439727783203,3.2723961339797825e-05,0.054744407534599304,0.006012442987412214,2.6932717446470633e-05,-1.9130916595458984,0.09447009861469269,0.36984628438949585
PD+FF,1000,3.0,0.2,3.2,True,True,True,0.39123071362726575,0.04956812332144589,0.7275,5.45,2.25,2.25,0.462350070476532,0.42061683535575867,0.0,0.0,1.0444285180710722e-05,0.02384796552360058,0.0001816780277295038,8.497998351231217e-05,-1.2179213762283325,0.20768369734287262,0.34128254652023315
PD+FF,1001,3.0,0.2,3.2,True,True,True,0.4111966130978526,0.04985605302122318,0.7275,5.45,2.25,2.25,0.4650435149669647,0.4230617880821228,0.0,0.0,1.3311808288563043e-05,0.023990565910935402,0.0001884601078927517,8.771383727435023e-05,-1.0811076164245605,-0.9685990810394287,0.25630688667297363
PD+FF,1002,3.0,0.2,3.2,True,True,True,0.4865366412093445,0.06383246467804456,0.7,6.0,2.8,2.8,0.5953653454780579,0.54163658618927,0.0,0.0,1.1848263966385275e-05,0.030701609328389168,0.00023574085207656026,0.00010946362453978509,-1.428768277168274,-0.28562131524086,0.4242836833000183
PD+FF,1003,3.0,0.2,3.2,True,True,True,0.5700309575376177,0.07395623248432394,0.685,6.300000000000001,3.1000000000000005,3.1000000000000005,0.6897895336151123,0.6275382041931152,0.0,0.0,1.6151929230545647e-05,0.03557181358337402,0.0002779229253064841,0.00012950089876540005,-1.7183640003204346,-0.48658838868141174,0.34840381145477295
PD+FF,1004,3.0,0.2,3.2,True,True,True,0.6470106823206163,0.08227109581995296,0.6725,6.550000000000001,3.3500000000000005,3.3500000000000005,0.7673609256744385,0.6981020569801331,0.0,0.0,2.2718228137819096e-05,0.03957672044634819,0.000309084978653118,0.00014401839871425182,-1.998679280281067,-0.7396973967552185,0.24154320359230042
PD+FF,1005,3.0,0.2,3.2,True,True,True,0.6312975568902383,0.0804926639054294,0.675,6.5,3.3,3.3,0.7507759928703308,0.6830152273178101,0.0,0.0,2.1795467546326108e-05,0.03872055932879448,0.0003027734346687794,0.00014111725613474846,-1.8766711950302124,0.8611240983009338,0.28618520498275757
PD+FF,1006,3.0,0.2,3.2,True,True,True,0.46720022611375006,0.05910198437082185,0.7075,5.8500000000000005,2.6500000000000004,2.6500000000000004,0.5512687563896179,0.5015101432800293,0.0,0.0,1.4607851881009992e-05,0.02843399904668331,0.00020765238150488585,9.770402539288625e-05,-1.4946178197860718,0.20171388983726501,0.28934937715530396
PD+FF,1007,3.0,0.2,3.2,True,True,True,0.6587591094347393,0.08919524476855563,0.665,6.7,3.5,3.5,0.8317596912384033,0.7567649483680725,0.0,0.0,1.6654779756208882e-05,0.0428466722369194,0.00032184357405640185,0.00015076938143465668,-1.8931626081466675,0.6319606900215149,0.39287856221199036
PD+FF,1008,3.0,0.2,3.2,True,True,True,0.5647941435475324,0.07144250241126103,0.6875,6.25,3.05,3.05,0.6663757562637329,0.6062286496162415,0.0,0.0,1.9847821022267453e-05,0.034370191395282745,0.0002559739223215729,0.00012017590779578313,-1.749120831489563,0.6261014938354492,0.26522985100746155
PD+FF,1009,3.0,0.2,3.2,True,True,True,0.5895223431163155,0.07454155668480267,0.6825,6.3500000000000005,3.1500000000000004,3.1500000000000004,0.6952757835388184,0.6325201392173767,0.0,0.0,2.0649944417527877e-05,0.0358608141541481,0.0002758529444690794,0.00012847188918385655,-1.9152493476867676,-0.3461688160896301,0.2149554342031479
PD+FF,1010,3.0,0.2,3.2,True,True,True,0.6694679592216491,0.09873515725166099,0.6525,6.95,3.75,3.75,0.91945481300354,0.8370887041091919,0.0,0.0,1.2550362953334115e-05,0.04700472578406334,0.00037678322405554354,0.00017503771232441068,-1.8575115203857422,0.07161146402359009,0.4753030240535736
PD+FF,1011,3.0,0.2,3.2,True,True,True,0.48466184744858715,0.06115648737642738,0.705,5.9,2.7,2.7,0.5704355239868164,0.5189465880393982,0.0,0.0,1.5703164535807446e-05,0.029422815889120102,0.00021930858201812953,0.0001028739643516019,-1.57381272315979,0.12664707005023956,0.26378002762794495
PD+FF,1012,3.0,0.2,3.2,True,True,True,0.49579320274263367,0.06223621209638017,0.7025,5.95,2.75,2.75,0.5805124044418335,0.5281131267547607,0.0,0.0,1.6981346561806276e-05,0.029943030327558517,0.00022783956956118345,0.00010654579091351479,-1.5405192375183105,0.561293363571167,0.2715309262275696
PD+FF,1013,3.0,0.2,3.2,True,True,True,0.3474028851287062,0.0428783350830869,0.7425,5.15,1.9500000000000002,1.9500000000000002,0.3999560475349426,0.3638516664505005,0.0,0.0,9.536185643810313e-06,0.02063172683119774,0.00016641258844174445,7.728920900262892e-05,-0.8082606196403503,-0.8420410752296448,0.401797890663147
PD+FF,1014,3.0,0.2,3.2,True,True,True,0.4701686174984154,0.06267023204810117,0.7025,5.95,2.75,2.75,0.5845150351524353,0.5317721366882324,0.0,0.0,1.0075332284031902e-05,0.03013763390481472,0.0002467650920152664,0.00011400500079616904,-1.3467140197753906,0.1714046150445938,0.4693894386291504
PD+FF,1015,3.0,0.2,3.2,True,True,True,0.48472001129197073,0.06303682844236919,0.7025,5.95,2.75,2.75,0.5879669785499573,0.5349029898643494,0.0,0.0,1.2661512300837785e-05,0.03032211773097515,0.00022628919396083802,0.00010609912715153769,-1.4601455926895142,0.21413566172122955,0.39239153265953064
PD+FF,1016,3.0,0.2,3.2,True,True,True,0.5237546162631453,0.06711069652654243,0.695,6.1000000000000005,2.9000000000000004,2.9000000000000004,0.6259652972221375,0.5694683790206909,0.0,0.0,1.578761475684587e-05,0.03228411078453064,0.0002568461641203612,0.00011947298480663449,-1.6580126285552979,-0.11461202055215836,0.3060871958732605
PD+FF,1017,3.0,0.2,3.2,True,True,True,0.28509741160826324,0.03597899998974808,0.7625,4.75,1.5499999999999998,1.5499999999999998,0.33560869097709656,0.3053151071071625,0.0,0.0,6.586521976714721e-06,0.01731097511947155,0.00012814070214517415,6.023257446940988e-05,-0.62247234582901,0.6426637768745422,0.4917738139629364
PD+FF,1018,3.0,0.2,3.2,True,True,True,0.3847534706093602,0.05040793712694929,0.725,5.5,2.3,2.3,0.4701627790927887,0.4277305006980896,0.0,0.0,9.26258053368656e-06,0.024246953427791595,0.0001700412976788357,8.089614129858091e-05,-1.1090368032455444,-0.0900818482041359,0.4614541530609131
PD+FF,1019,3.0,0.2,3.2,True,True,True,0.5411254420481282,0.0700425989401342,0.69,6.2,3.0,3.0,0.6532923579216003,0.5943325757980347,0.0,0.0,1.5027043446025345e-05,0.033691149204969406,0.0002485278237145394,0.00011683563934639096,-1.674609661102295,-0.20800989866256714,0.34006524085998535
PD+FF,1020,3.0,0.2,3.2,True,True,True,0.3515628571086423,0.04293699970053875,0.7425,5.15,1.9500000000000002,1.9500000000000002,0.4005090892314911,0.3643536865711212,0.0,0.0,9.360431249660905e-06,0.020661061629652977,0.00016253010835498571,7.542471576016396e-05,-1.1319496631622314,-0.4326494336128235,0.2227078378200531
PD+FF,1021,3.0,0.2,3.2,True,True,True,0.5576071797490416,0.07524309132787638,0.6825,6.3500000000000005,3.1500000000000004,3.1500000000000004,0.701676607131958,0.6383991241455078,0.0,0.0,1.3871010196453426e-05,0.03615341708064079,0.0002721638011280447,0.00012758564844261855,-1.4384177923202515,-0.8382971882820129,0.49743902683258057
PD+FF,1022,3.0,0.2,3.2,True,True,True,0.7057406203650681,0.09556195475250041,0.6575,6.8500000000000005,3.6500000000000004,3.6500000000000004,0.8910955190658569,0.8107678294181824,0.0,0.0,1.939386856975034e-05,0.0458918921649456,0.0003415501269046217,0.00016027926176320761,-1.999210000038147,0.8368335366249084,0.37694433331489563
PD+FF,1023,3.0,0.2,3.2,True,True,True,0.5631849646644074,0.07535270835760852,0.6825,6.3500000000000005,3.1500000000000004,3.1500000000000004,0.7027552127838135,0.6393657326698303,0.0,0.0,1.4360904970089905e-05,0.03621884435415268,0.0002927861060015857,0.00013553074677474797,-1.4916963577270508,0.8117974996566772,0.4728805720806122
PD+FF,1024,3.0,0.2,3.2,True,True,True,0.4928851999038481,0.06252426774217194,0.7025,5.95,2.75,2.75,0.5831877589225769,0.5305489897727966,0.0,0.0,1.6003528799046762e-05,0.030079716816544533,0.00024098262656480074,0.00011205685586901382,-1.51630699634552,-0.48329436779022217,0.3110935389995575
PD+FF,1025,3.0,0.2,3.2,True,True,True,0.23789490465488022,0.028927107267360745,0.785,4.3,1.0999999999999996,1.0999999999999996,0.2698211073875427,0.24546286463737488,0.0,0.0,4.469577561394544e-06,0.013919591903686523,0.00010268170444760472,4.816360160475597e-05,-0.7683239579200745,0.258014976978302,0.24864348769187927
PD+FF,1026,3.0,0.2,3.2,True,True,True,0.540286518507478,0.06859754087333839,0.6925,6.15,2.95,2.95,0.6398314237594604,0.582080602645874,0.0,0.0,1.780266575224232e-05,0.033000871539115906,0.0002488316094968468,0.00011657785216812044,-1.7438942193984985,0.19023452699184418,0.2583710551261902
PD+FF,1027,3.0,0.2,3.2,True,True,True,0.6533348333672139,0.08850212546728652,0.665,6.7,3.5,3.5,0.8253231644630432,0.7508996725082397,0.0,0.0,1.5244869246089365e-05,0.04252120479941368,0.0003269177977927029,0.0001527505664853379,-1.9580382108688354,0.12429128587245941,0.36954861879348755
PD+FF,1028,3.0,0.2,3.2,True,True,True,0.26732903751091375,0.03386528561953132,0.77,4.6000000000000005,1.4000000000000004,1.4000000000000004,0.3158770799636841,0.2873643636703491,0.0,0.0,5.2226846491976175e-06,0.01629333756864071,0.00012553900887724012,5.84302433708217e-05,-0.7757433652877808,-0.22796711325645447,0.4025936424732208
PD+FF,1029,3.0,0.2,3.2,True,True,True,0.2720855151220591,0.03252373377290692,0.7725,4.55,1.3499999999999996,1.3499999999999996,0.30337977409362793,0.27599114179611206,0.0,0.0,6.2859885474608745e-06,0.015651404857635498,0.00011784654634539038,5.5225129472091794e-05,-0.7448340058326721,0.6458722352981567,0.214758962392807
PD+FF,1030,3.0,0.2,3.2,True,True,True,0.6189417603550655,0.08271371961360924,0.6725,6.550000000000001,3.3500000000000005,3.3500000000000005,0.7713747620582581,0.7018044590950012,0.0,0.0,1.7187830962939188e-05,0.03974950686097145,0.0003018666757270694,0.00014172329974826425,-1.6447029113769531,-0.9496257901191711,0.4438457489013672
PD+FF,1031,3.0,0.2,3.2,True,True,True,0.3952778803839014,0.049100324160871435,0.7275,5.45,2.25,2.25,0.45799463987350464,0.4166521430015564,0.0,0.0,1.1936250302824192e-05,0.023624897003173828,0.00017907391884364188,8.378337224712595e-05,-0.9611496329307556,0.9009804725646973,0.39864641427993774
PD+FF,1032,3.0,0.2,3.2,True,True,True,0.28807136321227583,0.03688067517490339,0.76,4.800000000000001,1.6000000000000005,1.6000000000000005,0.34400084614753723,0.3129512369632721,0.0,0.0,6.464675152528798e-06,0.017742861062288284,0.00012753915507346392,5.9904312365688384e-05,-0.6833899617195129,-0.5306191444396973,0.49894750118255615
PD+FF,1033,3.0,0.2,3.2,True,True,True,0.33325132516117006,0.04199011168687059,0.745,5.1000000000000005,1.9000000000000004,1.9000000000000004,0.3916639983654022,0.3563106656074524,0.0,0.0,8.695350516063627e-06,0.020202284678816795,0.0001702087465673685,7.816714787622914e-05,-0.7577928304672241,0.7459949851036072,0.4761985242366791
PD+FF,1034,3.0,0.2,3.2,True,True,True,0.2329803233738692,0.027657263561711967,0.79,4.2,1.0,1.0,0.25798600912094116,0.23469512164592743,0.0,0.0,4.813870873476844e-06,0.013309765607118607,0.00010417341400170699,4.8524565499974415e-05,-0.5296080112457275,-0.6777904629707336,0.22327283024787903
PD+FF,1035,3.0,0.2,3.2,True,True,True,0.5218256176766114,0.06955449362211948,0.69,6.2,3.0,3.0,0.6486932039260864,0.5901639461517334,0.0,0.0,1.1699034075718373e-05,0.033443521708250046,0.000261677399976179,0.00012194576993351802,-1.5201642513275146,-0.23973245918750763,0.436818927526474
PD+FF,1036,3.0,0.2,3.2,True,True,True,0.525055929241887,0.0672758138924525,0.695,6.1000000000000005,2.9000000000000004,2.9000000000000004,0.627497136592865,0.5708621740341187,0.0,0.0,1.6306441466440447e-05,0.03236300125718117,0.00025157214258797467,0.00011739572073565796,-1.558912754058838,0.6018440127372742,0.34900519251823425
PD+FF,1037,3.0,0.2,3.2,True,True,True,0.5072378076949636,0.0658060774605228,0.6975,6.050000000000001,2.8500000000000005,2.8500000000000005,0.6137804985046387,0.5583868026733398,0.0,0.0,1.3731169929087628e-05,0.03165335953235626,0.00024347862927243114,0.00011375305621186271,-1.5164998769760132,-0.3818822205066681,0.38270920515060425
PD+FF,1038,3.0,0.2,3.2,True,True,True,0.519974176052907,0.06556874023607874,0.6975,6.050000000000001,2.8500000000000005,2.8500000000000005,0.6115851998329163,0.5563825964927673,0.0,0.0,1.8306158381165005e-05,0.03154484182596207,0.0002386259875493124,0.0001117239153245464,-1.5098652839660645,-0.8029577136039734,0.31811848282814026
PD+FF,1039,3.0,0.2,3.2,True,True,True,0.22860106923111054,0.028693421695333964,0.7875,4.25,1.0499999999999998,1.0499999999999998,0.26764148473739624,0.2434817999601364,0.0,0.0,3.88071384804789e-06,0.013805956579744816,0.00011690241808537394,5.391919694375247e-05,-0.6960156559944153,-0.0387578122317791,0.3661683201789856
PD+FF,1040,3.0,0.2,3.2,True,True,True,0.2941998945770423,0.03679254893606112,0.76,4.800000000000001,1.6000000000000005,1.6000000000000005,0.34318187832832336,0.3122035562992096,0.0,0.0,6.706437488901429e-06,0.017702389508485794,0.0001402744819642976,6.603495421586558e-05,-0.7547146081924438,0.5635512471199036,0.4134989380836487
PD+FF,1041,3.0,0.2,3.2,True,True,True,0.24007512323780675,0.030933577649103653,0.7775,4.45,1.25,1.25,0.28854504227638245,0.2625007629394531,0.0,0.0,4.3176310100534465e-06,0.014882713556289673,0.00012584167416207492,5.813149982714094e-05,-0.6478168964385986,-0.19675222039222717,0.46515655517578125
PD+FF,1042,3.0,0.2,3.2,True,True,True,0.4815916170631944,0.06224295533022958,0.7025,5.95,2.75,2.75,0.5805562138557434,0.5281592011451721,0.0,0.0,1.3335727999219671e-05,0.02994116023182869,0.00022917216119822115,0.00010704968008212745,-1.463887333869934,-0.25558269023895264,0.3728010952472687
PD+FF,1043,3.0,0.2,3.2,True,True,True,0.5939738339732302,0.07595861840766353,0.6825,6.3500000000000005,3.1500000000000004,3.1500000000000004,0.7084802985191345,0.6445371508598328,0.0,0.0,1.9577077182475477e-05,0.036539044231176376,0.0002745490346569568,0.00012861067079938948,-1.7490100860595703,-0.7958716750144958,0.31946444511413574
PD+FF,1044,3.0,0.2,3.2,True,True,True,0.6308437026999979,0.07954443073668861,0.6775,6.45,3.25,3.25,0.7419450283050537,0.6749768853187561,0.0,0.0,2.361932274652645e-05,0.03826804831624031,0.0002923024876508862,0.00013675571244675666,-1.981444239616394,0.7169352173805237,0.20961801707744598
PD+FF,1045,3.0,0.2,3.2,True,True,True,0.2682327021331293,0.033816615745781854,0.77,4.6000000000000005,1.4000000000000004,1.4000000000000004,0.3154180347919464,0.28694623708724976,0.0,0.0,5.45109969607438e-06,0.016270041465759277,0.0001223756407853216,5.809455251437612e-05,-0.7272861003875732,-0.39523494243621826,0.4158290922641754
PD+FF,1046,3.0,0.2,3.2,True,True,True,0.6507686591557517,0.08800352468453754,0.665,6.7,3.5,3.5,0.8206747174263,0.7466750144958496,0.0,0.0,1.6421170585090294e-05,0.04227866232395172,0.00032171374186873436,0.0001505924155935645,-1.868130087852478,0.6265861392021179,0.39649125933647156
PD+FF,1047,3.0,0.2,3.2,True,True,True,0.3640064834475033,0.045524461618813745,0.7375,5.25,2.05,2.05,0.42463231086730957,0.3863019049167633,0.0,0.0,9.296501957578585e-06,0.02190365083515644,0.00017149782797787338,7.991265738382936e-05,-1.1699552536010742,-0.14992530643939972,0.29876548051834106
PD+FF,1048,3.0,0.2,3.2,True,True,True,0.3780360230386144,0.04816908820052071,0.73,5.4,2.2,2.2,0.44928285479545593,0.4087308645248413,0.0,0.0,1.070231792255072e-05,0.023172840476036072,0.00016460624465253204,7.786389323882759e-05,-0.9076822996139526,-0.7630760073661804,0.4824531674385071
PD+FF,1049,3.0,0.2,3.2,True,True,True,0.5514235110231096,0.07430458543711585,0.685,6.300000000000001,3.1000000000000005,3.1000000000000005,0.6929853558540344,0.6304734349250793,0.0,0.0,1.1895990610355511e-05,0.035717807710170746,0.0002729457337409258,0.00012773426715284586,-1.6127384901046753,0.09402617067098618,0.43331217765808105
PD+FF,1050,3.0,0.2,3.2,True,True,True,0.45652909628789384,0.060936822694581325,0.705,5.9,2.7,2.7,0.5683473348617554,0.5170642733573914,0.0,0.0,9.927593964675907e-06,0.029303262010216713,0.0002228451194241643,0.00010400760947959498,-1.2507070302963257,-0.40418457984924316,0.49881017208099365
PD+FF,1051,3.0,0.2,3.2,True,True,True,0.29581589945776865,0.035799636244552645,0.7625,4.75,1.5499999999999998,1.5499999999999998,0.3339252173900604,0.3037799000740051,0.0,0.0,7.0805035647936165e-06,0.017226655036211014,0.00013306006439961493,6.222010415513068e-05,-0.8433747291564941,-0.6024307608604431,0.2584548592567444
PD+FF,1052,3.0,0.2,3.2,True,True,True,0.5014916110725671,0.06436351445394656,0.7,6.0,2.8,2.8,0.6003453731536865,0.5461607575416565,0.0,0.0,1.4798810298088938e-05,0.03096284158527851,0.00023225437325891107,0.00010885423398576677,-1.577463150024414,-0.03658809885382652,0.32490968704223633
PD+FF,1053,3.0,0.2,3.2,True,True,True,0.2759464432051624,0.03515766416183475,0.765,4.7,1.5,1.5,0.3279304504394531,0.2983305752277374,0.0,0.0,5.714332928619115e-06,0.01691460609436035,0.00012029709614580497,5.659041926264763e-05,-0.7320424914360046,-0.38764455914497375,0.44851720333099365
PD+FF,1054,3.0,0.2,3.2,True,True,True,0.6609318290150253,0.08755922850189132,0.665,6.7,3.5,3.5,0.8166049718856812,0.7429363131523132,0.0,0.0,1.816340045479592e-05,0.04209313169121742,0.0003129523538518697,0.00014674804697278887,-1.9604523181915283,0.6108824014663696,0.3443475067615509
PD+FF,1055,3.0,0.2,3.2,True,True,True,0.33782825620701246,0.04147159636929543,0.7475,5.050000000000001,1.8500000000000005,1.8500000000000005,0.38683149218559265,0.3519112765789032,0.0,0.0,9.0831572379102e-06,0.01995515078306198,0.00014680692402180284,6.890768418088555e-05,-0.8035520911216736,-0.8197364807128906,0.37500709295272827
PD+FF,1056,3.0,0.2,3.2,True,True,True,0.2778306094093845,0.03358409115683067,0.77,4.6000000000000005,1.4000000000000004,1.4000000000000004,0.3132621645927429,0.28498196601867676,0.0,0.0,6.49028470434132e-06,0.01616080477833748,0.0001269017084268853,5.913551649427973e-05,-0.6173267960548401,-0.7547652125358582,0.33817118406295776
PD+FF,1057,3.0,0.2,3.2,True,True,True,0.4362031007196746,0.055118217087524866,0.715,5.7,2.5,2.5,0.5141234993934631,0.46771714091300964,0.0,0.0,1.2801527191186324e-05,0.026518438011407852,0.00020123846479691565,9.4062284915708e-05,-1.4013786315917969,-0.020997419953346252,0.2980625629425049
PD+FF,1058,3.0,0.2,3.2,True,True,True,0.6556331591988598,0.08635389833622625,0.6675,6.65,3.45,3.45,0.8053792715072632,0.7327161431312561,0.0,0.0,1.866494676505681e-05,0.04151925444602966,0.0003222491650376469,0.00015040542348288,-1.9344123601913452,-0.6835842132568359,0.34246277809143066
PD+FF,1059,3.0,0.2,3.2,True,True,True,0.42840389242803206,0.054245882683733454,0.7175,5.65,2.45,2.45,0.5059767961502075,0.46030619740486145,0.0,0.0,1.2507121937233023e-05,0.02609802596271038,0.00020621781004592776,9.611242421669886e-05,-1.3239208459854126,-0.34795770049095154,0.3298633396625519
PD+FF,1060,3.0,0.2,3.2,True,True,True,0.2910755673739639,0.035871417580274234,0.7625,4.75,1.5499999999999998,1.5499999999999998,0.33459270000457764,0.3043886423110962,0.0,0.0,7.189562438725261e-06,0.017260078340768814,0.00013961977674625814,6.459867290686816e-05,-0.5232435464859009,-0.8263487219810486,0.4775193929672241
PD+FF,1061,3.0,0.2,3.2,True,True,True,0.33146196468941674,0.04122025671375092,0.7475,5.050000000000001,1.8500000000000005,1.8500000000000005,0.38448455929756165,0.3497771918773651,0.0,0.0,7.861346603021957e-06,0.01983337290585041,0.0001472686417400837,6.912016397109255e-05,-1.0766786336898804,0.09924349933862686,0.28927016258239746
PD+FF,1062,3.0,0.2,3.2,True,True,True,0.3838873445764687,0.048763953719279864,0.73,5.4,2.2,2.2,0.45483309030532837,0.4137794077396393,0.0,0.0,1.0697043762775138e-05,0.023459579795598984,0.00018167874077335,8.465492282994092e-05,-1.020176649093628,-0.6513675451278687,0.4292861223220825
PD+FF,1063,3.0,0.2,3.2,True,True,True,0.23200117108767312,0.027875085176346324,0.79,4.2,1.0,1.0,0.26000916957855225,0.2365361601114273,0.0,0.0,4.624025223165518e-06,0.01341376081109047,0.00010871885751839727,5.040868200012483e-05,-0.5567145943641663,0.6067063212394714,0.2895512878894806
PD+FF,1064,3.0,0.2,3.2,True,True,True,0.49213781634432346,0.06187496845494548,0.7025,5.95,2.75,2.75,0.5771425366401672,0.5250474214553833,0.0,0.0,1.6296602552756667e-05,0.02976927161216736,0.0002312789874849841,0.00010783067409647629,-1.6129041910171509,-0.13716638088226318,0.24278511106967926
PD+FF,1065,3.0,0.2,3.2,True,True,True,0.2404322986224962,0.029862910311572663,0.7825,4.3500000000000005,1.1500000000000004,1.1500000000000004,0.27855363488197327,0.25340867042541504,0.0,0.0,4.88454315927811e-06,0.014368955045938492,0.00010403863416286185,4.92213512188755e-05,-0.5033138990402222,-0.5932050347328186,0.453745573759079
PD+FF,1066,3.0,0.2,3.2,True,True,True,0.41515829899537254,0.05114884853771415,0.725,5.5,2.3,2.3,0.4770963788032532,0.4340283274650574,0.0,0.0,1.2443435480236076e-05,0.024611135944724083,0.00019077243632636964,8.937084930948913e-05,-1.3762075901031494,0.32575497031211853,0.20805609226226807
PD+FF,1067,3.0,0.2,3.2,True,True,True,0.2943958518939988,0.03488888499274686,0.765,4.7,1.5,1.5,0.3254373371601105,0.29605692625045776,0.0,0.0,7.551542239525588e-06,0.016789689660072327,0.00012622293434105814,5.8932033425662667e-05,-0.6176835894584656,0.9055254459381104,0.20151829719543457
PD+FF,1068,3.0,0.2,3.2,True,True,True,0.2690808907666592,0.032488318499845924,0.7725,4.55,1.3499999999999996,1.3499999999999996,0.3030467629432678,0.2756887376308441,0.0,0.0,5.9299600252415985e-06,0.01563386246562004,0.0001231389178428799,5.7248245866503567e-05,-0.7787961959838867,0.5352519750595093,0.25048118829727173
PD+FF,1069,3.0,0.2,3.2,True,True,True,0.26608326726832326,0.03157424970153577,0.7775,4.45,1.25,1.25,0.29451513290405273,0.26792630553245544,0.0,0.0,6.222518095455598e-06,0.015194387175142765,0.00011749600525945425,5.485851215780713e-05,-0.5076419115066528,0.8446078896522522,0.24751581251621246
PD+FF,1070,3.0,0.2,3.2,True,True,True,0.5617942643848011,0.06972206448328883,0.69,6.2,3.0,3.0,0.6503316164016724,0.5916282534599304,0.0,0.0,2.2521391656482592e-05,0.03354565426707268,0.00025975698372349143,0.00012105829955544323,-1.6644020080566406,0.9533751606941223,0.22921264171600342
PD+FF,1071,3.0,0.2,3.2,True,True,True,0.5412894936311861,0.06799333448105357,0.6925,6.15,2.95,2.95,0.634203314781189,0.576958179473877,0.0,0.0,1.9760080249398015e-05,0.03271215036511421,0.0002546393661759794,0.00011882949183927849,-1.6379417181015015,0.7469041347503662,0.26974478363990784
PD+FF,1072,3.0,0.2,3.2,True,True,True,0.43354438808366985,0.056903613529982834,0.7125,5.75,2.55,2.55,0.5307415723800659,0.4828435480594635,0.0,0.0,1.0424001629871782e-05,0.02736992947757244,0.0002192672691307962,0.00010145258420379832,-1.22187077999115,0.3675197660923004,0.4661308228969574
PD+FF,1073,3.0,0.2,3.2,True,True,True,0.5424591602140235,0.069458441967482,0.69,6.2,3.0,3.0,0.6478607654571533,0.5893887877464294,0.0,0.0,1.7364953237120062e-05,0.033412639051675797,0.00025314593221992254,0.00011855451884912327,-1.5133368968963623,0.8512749075889587,0.3800120949745178
PD+FF,1074,3.0,0.2,3.2,True,True,True,0.20866040305937905,0.02693381604765121,0.7925,4.15,0.9500000000000002,0.9500000000000002,0.2512163519859314,0.2285415232181549,0.0,0.0,3.526305590639822e-06,0.012957308441400528,8.171112858690321e-05,3.944174386560917e-05,-0.5001789927482605,-0.2884053587913513,0.4962819218635559
PD+FF,1075,3.0,0.2,3.2,True,True,True,0.34509281262296204,0.04129940706492796,0.7475,5.050000000000001,1.8500000000000005,1.8500000000000005,0.385234534740448,0.35045620799064636,0.0,0.0,9.917203897202853e-06,0.019874271005392075,0.0001519055658718571,7.097915658960119e-05,-0.8189709782600403,0.9466501474380493,0.23914383351802826
PD+FF,1076,3.0,0.2,3.2,True,True,True,0.517641191379571,0.06853158174684827,0.6925,6.15,2.95,2.95,0.6391679644584656,0.5814949870109558,0.0,0.0,1.2664230780501384e-05,0.032954584807157516,0.00026017549680545926,0.00012072003301000223,-1.445397138595581,-0.562984049320221,0.45283621549606323
PD+FF,1077,3.0,0.2,3.2,True,True,True,0.29649818898873836,0.035374138837350036,0.765,4.7,1.5,1.5,0.32996565103530884,0.3001767098903656,0.0,0.0,7.528673449996859e-06,0.017023080959916115,0.00012999767204746604,6.073811891837977e-05,-0.6151338219642639,-0.8893533945083618,0.2694230377674103
PD+FF,1078,3.0,0.2,3.2,True,True,True,0.26168927732756414,0.031243475629838376,0.7775,4.45,1.25,1.25,0.2914358973503113,0.2651253640651703,0.0,0.0,5.887652605451876e-06,0.015035342425107956,0.00011447940050857142,5.347690967028029e-05,-0.6580581068992615,-0.6858707666397095,0.23459486663341522
PD+FF,1079,3.0,0.2,3.2,True,True,True,0.31468212222920194,0.03901156561256915,0.7525,4.95,1.75,1.75,0.3638764023780823,0.3310294449329376,0.0,0.0,8.231720130424947e-06,0.0187702439725399,0.00013321504229679704,6.312637560768053e-05,-0.5874135494232178,0.8651593327522278,0.4896434247493744
PD+FF,1080,3.0,0.2,3.2,True,True,True,0.2789064298405633,0.03400482866684133,0.7675,4.65,1.4500000000000002,1.4500000000000002,0.31719303131103516,0.28855857253074646,0.0,0.0,6.4355190261267126e-06,0.01636319048702717,0.00012355776561889797,5.782142034149729e-05,-0.6397119164466858,0.7102972865104675,0.367546945810318
PD+FF,1081,3.0,0.2,3.2,True,True,True,0.47025401370931913,0.05839595532295409,0.71,5.800000000000001,2.6000000000000005,2.6000000000000005,0.5446856617927551,0.49551811814308167,0.0,0.0,1.6126654372783378e-05,0.028096500784158707,0.00021105878113303334,9.886954649118707e-05,-1.3320256471633911,0.8601993322372437,0.3006768822669983
PD+FF,1082,3.0,0.2,3.2,True,True,True,0.30836926073922577,0.03827593432824891,0.755,4.9,1.7000000000000002,1.7000000000000002,0.35701480507850647,0.3247869908809662,0.0,0.0,6.990547717578011e-06,0.018416497856378555,0.00013260763080324978,6.253664469113573e-05,-0.9581221342086792,-0.30673766136169434,0.3117980659008026
PD+FF,1083,3.0,0.2,3.2,True,True,True,0.444308290514205,0.05461177601197135,0.7175,5.65,2.45,2.45,0.5093997716903687,0.46341559290885925,0.0,0.0,1.4549033949151635e-05,0.0262775681912899,0.0002006691793212667,9.346922888653353e-05,-1.3940625190734863,0.6289385557174683,0.21643398702144623
PD+FF,1084,3.0,0.2,3.2,True,True,True,0.3407837994746584,0.041831792721617654,0.745,5.1000000000000005,1.9000000000000004,1.9000000000000004,0.3901953101158142,0.3549714982509613,0.0,0.0,9.35674506763462e-06,0.020128659904003143,0.000161749281687662,7.514508615713567e-05,-0.7371216416358948,-0.8951173424720764,0.4071005880832672
PD+FF,1085,3.0,0.2,3.2,True,True,True,0.24764280209811632,0.03153546542161408,0.7775,4.45,1.25,1.25,0.29413896799087524,0.2675884962081909,0.0,0.0,4.47359707322903e-06,0.015172013081610203,0.00012052655802108347,5.610950029222295e-05,-0.7224554419517517,-0.08529454469680786,0.4138740301132202
PD+FF,1086,3.0,0.2,3.2,True,True,True,0.31660442413050577,0.039555284444522124,0.7525,4.95,1.75,1.75,0.3689526319503784,0.33564844727516174,0.0,0.0,7.884777915023733e-06,0.019031457602977753,0.00013899126497562975,6.516314169857651e-05,-0.7490203976631165,-0.7008727788925171,0.4387705326080322
PD+FF,1087,3.0,0.2,3.2,True,True,True,0.45920201276498795,0.05718805907627659,0.7125,5.75,2.55,2.55,0.5334138870239258,0.48526448011398315,0.0,0.0,1.5384783182526007e-05,0.027514692395925522,0.00020353593572508544,9.547198715154082e-05,-1.2718281745910645,-0.8616007566452026,0.3274095356464386
PD+FF,1088,3.0,0.2,3.2,True,True,True,0.46342509663029463,0.05918640646861664,0.7075,5.8500000000000005,2.6500000000000004,2.6500000000000004,0.5520533323287964,0.5022268891334534,0.0,0.0,1.4564485354640055e-05,0.028472475707530975,0.00021622759231831878,0.00010128387657459825,-1.148199200630188,-0.9221230149269104,0.4605681300163269
PD+FF,1089,3.0,0.2,3.2,True,True,True,0.6354242584932734,0.08480325134438925,0.67,6.6000000000000005,3.4000000000000004,3.4000000000000004,0.7908822894096375,0.7195420265197754,0.0,0.0,1.6515277820872143e-05,0.04076196253299713,0.00030357742798514664,0.0001423108042217791,-1.8535881042480469,0.5890284776687622,0.37915652990341187
PD+FF,1090,3.0,0.2,3.2,True,True,True,0.34740663805835975,0.042608790317118575,0.745,5.1000000000000005,1.9000000000000004,1.9000000000000004,0.39744672179222107,0.36156830191612244,0.0,0.0,9.311850590165704e-06,0.020502671599388123,0.00015570339746773243,7.287051994353533e-05,-0.9845758080482483,-0.6573527455329895,0.30003631114959717
PD+FF,1091,3.0,0.2,3.2,True,True,True,0.6460009096738267,0.08543665651635786,0.6675,6.65,3.45,3.45,0.7968240976333618,0.7249375581741333,0.0,0.0,1.7910073438542895e-05,0.04107503220438957,0.0003215342294424772,0.0001498385681770742,-1.8845704793930054,-0.6914018392562866,0.36124923825263977
PD+FF,1092,3.0,0.2,3.2,True,True,True,0.6354606114515465,0.08332105492105475,0.6725,6.550000000000001,3.3500000000000005,3.3500000000000005,0.7771168351173401,0.7069945335388184,0.0,0.0,1.7132335415226407e-05,0.04006839171051979,0.00031522795325145125,0.00014676495629828423,-1.9696727991104126,-0.2278679758310318,0.31251582503318787
PD+FF,1093,3.0,0.2,3.2,True,True,True,0.3010085131490344,0.03870138830067206,0.755,4.9,1.7000000000000002,1.7000000000000002,0.36098620295524597,0.32840338349342346,0.0,0.0,6.334657882689498e-06,0.01861896552145481,0.00014236595598049462,6.554344145115465e-05,-0.8791002631187439,0.07968070358037949,0.43002596497535706
PD+FF,1094,3.0,0.2,3.2,True,True,True,0.30548705059477504,0.037055303520366956,0.76,4.800000000000001,1.6000000000000005,1.6000000000000005,0.34563690423965454,0.314434289932251,0.0,0.0,7.436474788846681e-06,0.01783081330358982,0.00013860469334758818,6.466371269198135e-05,-0.9031349420547485,-0.5643354058265686,0.2514164447784424
PD+FF,1095,3.0,0.2,3.2,True,True,True,0.41830219761807785,0.05238195377509236,0.7225,5.550000000000001,2.3500000000000005,2.3500000000000005,0.4885913133621216,0.44448795914649963,0.0,0.0,1.224781408382114e-05,0.025202501565217972,0.00018787362205330282,8.803611126495525e-05,-1.3096781969070435,-0.4019305408000946,0.2943161725997925
PD+FF,1096,3.0,0.2,3.2,True,True,True,0.264909614742798,0.03159757098471649,0.7775,4.45,1.25,1.25,0.29473572969436646,0.2681272327899933,0.0,0.0,6.0889351516379975e-06,0.015205592848360538,0.000112567788164597,5.285361112328246e-05,-0.5565752387046814,0.7886120080947876,0.27283963561058044
PD+FF,1097,3.0,0.2,3.2,True,True,True,0.4002248752569127,0.050052684818465344,0.7275,5.45,2.25,2.25,0.466866672039032,0.4247240424156189,0.0,0.0,1.1091379747085739e-05,0.024082116782665253,0.00017504637071397156,8.242527837865055e-05,-1.3080552816390991,0.037033263593912125,0.27344202995300293
PD+FF,1098,3.0,0.2,3.2,True,True,True,0.4308753940602979,0.05688586738270719,0.7125,5.75,2.55,2.55,0.5305724740028381,0.4826914966106415,0.0,0.0,9.764201422512997e-06,0.027360089123249054,0.0001945957774296403,9.194875747198239e-05,-1.2224541902542114,-0.25077617168426514,0.4742331802845001
PD+FF,1099,3.0,0.2,3.2,True,True,True,0.6361297308254762,0.08564179155897572,0.6675,6.65,3.45,3.45,0.7986903190612793,0.7266543507575989,0.0,0.0,1.495680226071272e-05,0.041158534586429596,0.0003115470171906054,0.00014575418026652187,-1.9130916595458984,0.09447009861469269,0.36984628438949585
Direct PPO,1000,3.0,0.2,3.2,True,True,True,0.34486205976256695,0.005262623831358974,0.8475,3.0500000000000003,0.0,0.0,0.05784634128212929,0.04590561240911484,0.005285978317260742,0.005285978317260742,0.0027993107214570045,0.5646498799324036,0.0053651886992156506,4.2319734347984195e-06,-1.2179213762283325,0.20768369734287262,0.34128254652023315
Direct PPO,1001,3.0,0.2,3.2,True,True,True,0.3404450653966031,0.0032836018683481743,0.8675,2.6500000000000004,0.0,0.0,0.05880317464470863,0.048306744545698166,0.006179869174957275,0.0011944770812988281,0.0030607287771999836,0.555042564868927,0.0023882377427071333,1.4910190770933696e-07,-1.0811076164245605,-0.9685990810394287,0.25630688667297363
Direct PPO,1002,3.0,0.2,3.2,True,True,True,0.4523361621988002,0.008253447949300588,0.81,3.8000000000000003,0.6000000000000001,0.6000000000000001,0.3039841651916504,0.19238661229610443,0.008436203002929688,0.008436203002929688,0.003483037231490016,0.6129876375198364,0.00845055840909481,3.160046389893978e-06,-1.428768277168274,-0.28562131524086,0.4242836833000183
Direct PPO,1003,3.0,0.2,3.2,True,True,True,0.5296374267383103,0.005463268013546215,0.8075,3.85,0.6499999999999999,0.6499999999999999,0.3611040413379669,0.23345927894115448,0.0055866241455078125,0.0055866241455078125,0.003059295704588294,0.5673690438270569,0.005645075812935829,9.835340506469947e-07,-1.7183640003204346,-0.48658838868141174,0.34840381145477295
Direct PPO,1004,3.0,0.2,3.2,True,True,True,0.5958400653623286,0.008358547545083868,0.7825,4.6000000000000005,1.4000000000000004,1.4000000000000004,0.3155684769153595,0.1657380312681198,0.13895094394683838,0.13895094394683838,0.005503633990883827,0.9670749306678772,0.0022819535806775093,7.762018299217743e-07,-1.998679280281067,-0.7396973967552185,0.24154320359230042
Direct PPO,1005,3.0,0.2,3.2,True,True,True,0.578263292813895,0.00681999772421304,0.7975,4.3,1.0999999999999996,1.0999999999999996,0.3354339003562927,0.19822931289672852,0.07823789119720459,0.07823789119720459,0.0045713139697909355,0.7394243478775024,0.003200049512088299,1.251951630365511e-06,-1.8766711950302124,0.8611240983009338,0.28618520498275757
Direct PPO,1006,3.0,0.2,3.2,True,True,True,0.41903010782566824,0.003310503199052402,0.835,3.3000000000000003,0.10000000000000009,0.10000000000000009,0.08004020154476166,0.042824000120162964,0.0029191970825195312,0.0029191970825195312,0.0028516885358840227,0.5753740668296814,0.003313864581286907,2.47359480454179e-06,-1.4946178197860718,0.20171388983726501,0.28934937715530396
Direct PPO,1007,3.0,0.2,3.2,True,True,True,0.624930780690836,0.010098477920552525,0.785,4.3,1.0999999999999996,1.0999999999999996,0.6727544665336609,0.5515708327293396,0.0073566436767578125,0.0073566436767578125,0.0023176001850515604,0.4236420691013336,0.0073570930399000645,2.0580962427629856e-06,-1.8931626081466675,0.6319606900215149,0.39287856221199036
Direct PPO,1008,3.0,0.2,3.2,True,True,True,0.5105053521262153,0.002887831426317497,0.82,3.6,0.3999999999999999,0.3999999999999999,0.17790129780769348,0.09863664954900742,0.0026438236236572266,0.0026438236236572266,0.002511108759790659,0.42079561948776245,0.0025664789136499166,1.0132978331967024e-06,-1.749120831489563,0.6261014938354492,0.26522985100746155
Direct PPO,1009,3.0,0.2,3.2,True,True,True,0.5384029513401472,0.003024529091436198,0.8175,3.6500000000000004,0.4500000000000002,0.4500000000000002,0.17802023887634277,0.08243433386087418,0.035452306270599365,0.035452306270599365,0.0028856825083494186,0.4358322024345398,0.0027452530339360237,1.8067228211293695e-06,-1.9152493476867676,-0.3461688160896301,0.2149554342031479
Direct PPO,1010,3.0,0.2,3.2,True,True,True,0.6519127186526052,0.019161543033859675,0.7625,4.75,1.5499999999999998,1.5499999999999998,0.8874287009239197,0.7826305627822876,0.009840965270996094,0.009840965270996094,0.0011233921395614743,0.23625533282756805,0.009961697272956371,1.04016055502143e-06,-1.8575115203857422,0.07161146402359009,0.4753030240535736
Direct PPO,1011,3.0,0.2,3.2,True,True,True,0.43572891914701944,0.0025764673828162442,0.8325,3.35,0.1499999999999999,0.1499999999999999,0.07697644829750061,0.03769182413816452,0.0031076669692993164,0.0031076669692993164,0.002935559256002307,0.5955573916435242,0.002532693324610591,8.046717425713723e-07,-1.57381272315979,0.12664707005023956,0.26378002762794495
Direct PPO,1012,3.0,0.2,3.2,True,True,True,0.4392145058408878,0.002905283418549268,0.835,3.3000000000000003,0.10000000000000009,0.10000000000000009,0.08523205667734146,0.04975001513957977,0.0023986101150512695,0.0023986101150512695,0.00296345679089427,0.6276106238365173,0.002732532797381282,2.9504451504180906e-06,-1.5405192375183105,0.561293363571167,0.2715309262275696
Direct PPO,1013,3.0,0.2,3.2,True,True,True,0.2858054304606558,0.007101832132204601,0.8725,2.5500000000000003,0.0,0.0,0.060763806104660034,0.04879094287753105,0.007666587829589844,0.007666587829589844,0.002381047699600458,0.4113115668296814,0.007666989229619503,7.987027856870554e-06,-0.8082606196403503,-0.8420410752296448,0.401797890663147
Direct PPO,1014,3.0,0.2,3.2,True,True,True,0.4432500046375002,0.01123882216467919,0.8125,3.75,0.5499999999999998,0.5499999999999998,0.361014187335968,0.25679242610931396,0.009700298309326172,0.009700298309326172,0.0010637040250003338,0.23884139955043793,0.009802624583244324,2.0285017399146454e-06,-1.3467140197753906,0.1714046150445938,0.4693894386291504
Direct PPO,1015,3.0,0.2,3.2,True,True,True,0.44880742446387484,0.007635963566595026,0.8125,3.75,0.5499999999999998,0.5499999999999998,0.24372084438800812,0.14156469702720642,0.00783991813659668,0.00783991813659668,0.003979808650910854,0.756327748298645,0.007344807963818312,6.914139703440014e-06,-1.4601455926895142,0.21413566172122955,0.39239153265953064
Direct PPO,1016,3.0,0.2,3.2,True,True,True,0.4812697738427843,0.0039210339535893455,0.82,3.6,0.3999999999999999,0.3999999999999999,0.19333437085151672,0.10950086265802383,0.003688335418701172,0.003688335418701172,0.003256073920056224,0.8323337435722351,0.003946490120142698,6.259040787881531e-07,-1.6580126285552979,-0.11461202055215836,0.3060871958732605
Direct PPO,1017,3.0,0.2,3.2,True,True,True,0.23558131066620566,0.010512807795485536,0.865,2.7,0.0,0.0,0.0889614075422287,0.07398339360952377,0.01020050048828125,0.01020050048828125,0.0008067729650065303,0.1877453476190567,0.010379733517765999,2.5632664346630918e-06,-0.62247234582901,0.6426637768745422,0.4917738139629364
Direct PPO,1018,3.0,0.2,3.2,True,True,True,0.3506520810775646,0.009771607947858238,0.835,3.3000000000000003,0.10000000000000009,0.10000000000000009,0.14502400159835815,0.10682764649391174,0.009504318237304688,0.009504318237304688,0.001084612333215773,0.25392669439315796,0.009585409425199032,1.194975425278244e-07,-1.1090368032455444,-0.0900818482041359,0.4614541530609131
Direct PPO,1019,3.0,0.2,3.2,True,True,True,0.5029476413301001,0.007610335621142008,0.8025,4.15,0.9500000000000002,0.9500000000000002,0.29301270842552185,0.16514244675636292,0.06309294700622559,0.06309294700622559,0.004693998023867607,0.7613506317138672,0.005319660063832998,7.390997325273929e-06,-1.674609661102295,-0.20800989866256714,0.34006524085998535
Direct PPO,1020,3.0,0.2,3.2,True,True,True,0.29060454033819566,0.0026526108118242976,0.8675,2.6500000000000004,0.0,0.0,0.015634819865226746,0.012617086991667747,0.021298885345458984,0.010697245597839355,0.003301875898614526,0.6589163541793823,0.002531747566536069,8.644211106911825e-07,-1.1319496631622314,-0.4326494336128235,0.2227078378200531
Direct PPO,1021,3.0,0.2,3.2,True,True,True,0.5215935537774302,0.01355204284465428,0.795,4.1000000000000005,0.9000000000000004,0.9000000000000004,0.5358088612556458,0.4350831210613251,0.01030731201171875,0.01030731201171875,0.0008586374460719526,0.19930389523506165,0.010510132648050785,2.585523191100947e-07,-1.4384177923202515,-0.8382971882820129,0.49743902683258057
Direct PPO,1022,3.0,0.2,3.2,True,True,True,0.667642376170735,0.009590125882916606,0.78,4.4,1.2000000000000002,1.2000000000000002,0.7304788827896118,0.6059832572937012,0.006756305694580078,0.006756305694580078,0.002470992039889097,0.4706559479236603,0.006765552796423435,3.815434411080787e-06,-1.999210000038147,0.8368335366249084,0.37694433331489563
Direct PPO,1023,3.0,0.2,3.2,True,True,True,0.525657332763289,0.012962565851897158,0.7975,4.05,0.8499999999999996,0.8499999999999996,0.5179135799407959,0.4127994775772095,0.009784698486328125,0.009784698486328125,0.0010982858948409557,0.2297220379114151,0.009897854179143906,7.855051649130473e-07,-1.4916963577270508,0.8117974996566772,0.4728805720806122
Direct PPO,1024,3.0,0.2,3.2,True,True,True,0.44180826620453933,0.003895747695708413,0.83,3.4000000000000004,0.20000000000000018,0.20000000000000018,0.10998379439115524,0.05306859314441681,0.0039157867431640625,0.0039157867431640625,0.0032283521723002195,0.6307569742202759,0.004143767058849335,3.140530324685642e-08,-1.51630699634552,-0.48329436779022217,0.3110935389995575
Direct PPO,1025,3.0,0.2,3.2,True,True,True,0.18845407758492422,0.0021712971846167485,0.89,2.2,0.0,0.0,0.024773646146059036,0.019841590896248817,0.0010291337966918945,0.0010291337966918945,0.0029303075280040503,0.5958549380302429,0.0023024901747703552,3.516675633363775e-06,-0.7683239579200745,0.258014976978302,0.24864348769187927
Direct PPO,1026,3.0,0.2,3.2,True,True,True,0.4931589296014875,0.002588323948090362,0.8225,3.5500000000000003,0.3500000000000001,0.3500000000000001,0.155379056930542,0.07871931791305542,0.007594048976898193,0.007594048976898193,0.002859474392607808,0.5742406249046326,0.0024253877345472574,3.7252909805829404e-06,-1.7438942193984985,0.19023452699184418,0.2583710551261902
Direct PPO,1027,3.0,0.2,3.2,True,True,True,0.6261716312945269,0.008389210388401501,0.785,4.3,1.0999999999999996,1.0999999999999996,0.6655834913253784,0.5397819876670837,0.006459712982177734,0.006459712982177734,0.0025382228195667267,0.49552032351493835,0.006477138493210077,7.775508947815979e-07,-1.9580382108688354,0.12429128587245941,0.36954861879348755
Direct PPO,1028,3.0,0.2,3.2,True,True,True,0.22244425448411007,0.007363343613538979,0.875,2.5,0.0,0.0,0.04734690114855766,0.03878362849354744,0.007700920104980469,0.007700920104980469,0.00228710426017642,0.38387927412986755,0.0077014644630253315,2.503438963685767e-06,-0.7757433652877808,-0.22796711325645447,0.4025936424732208
Direct PPO,1029,3.0,0.2,3.2,True,True,True,0.21179747229833557,0.0026107852711153554,0.8875,2.25,0.0,0.0,0.04937256500124931,0.03977251425385475,0.0008405447006225586,0.0008405447006225586,0.002802508184686303,0.5023524165153503,0.0027509373612701893,3.1143540581979323e-06,-0.7448340058326721,0.6458722352981567,0.214758962392807
Direct PPO,1030,3.0,0.2,3.2,True,True,True,0.5794512806022435,0.011317512967432589,0.7925,4.15,0.9500000000000002,0.9500000000000002,0.5793032050132751,0.4674103856086731,0.009021759033203125,0.009021759033203125,0.001573566347360611,0.30437129735946655,0.009064474143087864,3.434037580518634e-06,-1.6447029113769531,-0.9496257901191711,0.4438457489013672
Direct PPO,1031,3.0,0.2,3.2,True,True,True,0.33404292122671253,0.007934627011954494,0.855,2.9000000000000004,0.0,0.0,0.09725718200206757,0.0803559198975563,0.007580757141113281,0.007580757141113281,0.0019921616185456514,0.3437858819961548,0.007569815032184124,5.57308885618113e-06,-0.9611496329307556,0.9009804725646973,0.39864641427993774
Direct PPO,1032,3.0,0.2,3.2,True,True,True,0.2397497443637833,0.010043253871687466,0.87,2.6,0.0,0.0,0.0748479887843132,0.06173732876777649,0.010336875915527344,0.010336875915527344,0.0009588654502294958,0.2014022320508957,0.010546116158366203,8.65405127115082e-07,-0.6833899617195129,-0.5306191444396973,0.49894750118255615
Direct PPO,1033,3.0,0.2,3.2,True,True,True,0.28015622495348597,0.010214832029509293,0.8575,2.85,0.0,0.0,0.1009749323129654,0.08386625349521637,0.009863853454589844,0.009863853454589844,0.0009818542748689651,0.20003849267959595,0.009986399672925472,9.238999609806342e-08,-0.7577928304672241,0.7459949851036072,0.4761985242366791
Direct PPO,1034,3.0,0.2,3.2,True,True,True,0.17628824461874773,0.0032268551337932766,0.89,2.2,0.0,0.0,0.05171135440468788,0.04240760579705238,0.0,0.0,0.0028351463843137026,0.5150842070579529,0.0025186571292579174,3.3080634693760658e-06,-0.5296080112457275,-0.6777904629707336,0.22327283024787903
Direct PPO,1035,3.0,0.2,3.2,True,True,True,0.49262765007347165,0.01025696056411632,0.805,3.9000000000000004,0.7000000000000002,0.7000000000000002,0.43318310379981995,0.32124704122543335,0.008815765380859375,0.008815765380859375,0.0017829700373113155,0.30356916785240173,0.008846601471304893,3.577680445232545e-06,-1.5201642513275146,-0.23973245918750763,0.436818927526474
Direct PPO,1036,3.0,0.2,3.2,True,True,True,0.47763056659102227,0.005983944513476107,0.82,3.6,0.3999999999999999,0.3999999999999999,0.22143852710723877,0.1369400918483734,0.005616664886474609,0.005616664886474609,0.003465045476332307,0.6731909513473511,0.005673601292073727,3.039971943508135e-06,-1.558912754058838,0.6018440127372742,0.34900519251823425
Direct PPO,1037,3.0,0.2,3.2,True,True,True,0.46784139604330593,0.008460827698300824,0.8075,3.85,0.6499999999999999,0.6499999999999999,0.2647196650505066,0.1458924263715744,0.04855012893676758,0.04855012893676758,0.004587522242218256,0.8043745160102844,0.0069827549159526825,3.5763264349952806e-06,-1.5164998769760132,-0.3818822205066681,0.38270920515060425
Direct PPO,1038,3.0,0.2,3.2,True,True,True,0.46283005063645577,0.004093705694009,0.83,3.4000000000000004,0.20000000000000018,0.20000000000000018,0.11686212569475174,0.0565573051571846,0.004240512847900391,0.004240512847900391,0.0029758058954030275,0.5511147379875183,0.004423134960234165,1.6689535868863459e-06,-1.5098652839660645,-0.8029577136039734,0.31811848282814026
Direct PPO,1039,3.0,0.2,3.2,True,True,True,0.18710475902064122,0.006123309283608238,0.8875,2.25,0.0,0.0,0.03592924401164055,0.029195232316851616,0.006321907043457031,0.006321907043457031,0.0024686444085091352,0.44575685262680054,0.006344036664813757,2.68226131083793e-06,-0.6960156559944153,-0.0387578122317791,0.3661683201789856
Direct PPO,1040,3.0,0.2,3.2,True,True,True,0.24259631920906588,0.008123977878331703,0.875,2.5,0.0,0.0,0.07119105756282806,0.058824487030506134,0.008080482482910156,0.008080482482910156,0.0017823942471295595,0.3149908483028412,0.008084730245172977,2.7509153710525425e-07,-0.7547146081924438,0.5635512471199036,0.4134989380836487
Direct PPO,1041,3.0,0.2,3.2,True,True,True,0.20007145503087295,0.009335429575174673,0.88,2.4000000000000004,0.0,0.0,0.06035204231739044,0.049927953630685806,0.0095977783203125,0.0095977783203125,0.0013033108552917838,0.24033086001873016,0.009688615798950195,2.404943018063932e-07,-0.6478168964385986,-0.19675222039222717,0.46515655517578125
Direct PPO,1042,3.0,0.2,3.2,True,True,True,0.44162999100953115,0.006664277236687323,0.825,3.5,0.2999999999999998,0.2999999999999998,0.19792191684246063,0.12203089892864227,0.006588459014892578,0.006588459014892578,0.002858893945813179,0.5964341759681702,0.0066019208170473576,1.0734116813182482e-06,-1.463887333869934,-0.25558269023895264,0.3728010952472687
Direct PPO,1043,3.0,0.2,3.2,True,True,True,0.544510319094651,0.007195266200827696,0.8,4.25,1.0499999999999998,1.0499999999999998,0.303615540266037,0.1692764014005661,0.07112002372741699,0.07112002372741699,0.00459702406078577,0.7588474750518799,0.004484499339014292,4.917444130114745e-06,-1.7490100860595703,-0.7958716750144958,0.31946444511413574
Direct PPO,1044,3.0,0.2,3.2,True,True,True,0.5732436292086147,0.0032672816202524227,0.8125,3.75,0.5499999999999998,0.5499999999999998,0.2242867797613144,0.12224098294973373,0.03359717130661011,0.03359717130661011,0.003808539127930999,0.9734257459640503,0.0029211658984422684,2.2501535568153486e-06,-1.981444239616394,0.7169352173805237,0.20961801707744598
Direct PPO,1045,3.0,0.2,3.2,True,True,True,0.2191830254316959,0.00772843569839219,0.8775,2.45,0.0,0.0,0.046776216477155685,0.03810823708772659,0.00815582275390625,0.00815582275390625,0.0021083184983581305,0.36642932891845703,0.008162655867636204,1.2246350706845988e-06,-0.7272861003875732,-0.39523494243621826,0.4158290922641754
Direct PPO,1046,3.0,0.2,3.2,True,True,True,0.6169750091832387,0.010210523275635723,0.785,4.3,1.0999999999999996,1.0999999999999996,0.6588134765625,0.5383676886558533,0.007485866546630859,0.007485866546630859,0.002244171453639865,0.4015054702758789,0.007485887035727501,8.996822487006284e-08,-1.868130087852478,0.6265861392021179,0.39649125933647156
Direct PPO,1047,3.0,0.2,3.2,True,True,True,0.31385208105346196,0.0035071202992651655,0.8575,2.85,0.0,0.0,0.025235522538423538,0.020280705764889717,0.0033316612243652344,0.0033316612243652344,0.0031371430959552526,0.638089656829834,0.0036627596709877253,8.941215128288604e-07,-1.1699552536010742,-0.14992530643939972,0.29876548051834106
Direct PPO,1048,3.0,0.2,3.2,True,True,True,0.32543528970140884,0.009646758804905998,0.85,3.0,0.0,0.0,0.09808911383152008,0.08032061159610748,0.01000213623046875,0.01000213623046875,0.0011932915076613426,0.23204047977924347,0.010146694257855415,5.15494548380957e-07,-0.9076822996139526,-0.7630760073661804,0.4824531674385071
Direct PPO,1049,3.0,0.2,3.2,True,True,True,0.5257976403725806,0.010839729546375436,0.7975,4.05,0.8499999999999996,0.8499999999999996,0.5154702663421631,0.40267041325569153,0.008713245391845703,0.008713245391845703,0.0016811155946925282,0.3135613203048706,0.008738357573747635,1.1661049938993528e-06,-1.6127384901046753,0.09402617067098618,0.43331217765808105
Direct PPO,1050,3.0,0.2,3.2,True,True,True,0.4258342000264656,0.011973982627102682,0.8125,3.75,0.5499999999999998,0.5499999999999998,0.3527805805206299,0.25379231572151184,0.010330677032470703,0.010330677032470703,0.0008934845100156963,0.19618241488933563,0.010539094917476177,2.565598151704762e-06,-1.2507070302963257,-0.40418457984924316,0.49881017208099365
Direct PPO,1051,3.0,0.2,3.2,True,True,True,0.23391600309616817,0.0026479239855145944,0.885,2.3000000000000003,0.0,0.0,0.02778881974518299,0.022879550233483315,0.0013036727905273438,0.0013036727905273438,0.0030035339295864105,0.6061887145042419,0.0024222834035754204,2.7418136596679688e-06,-0.8433747291564941,-0.6024307608604431,0.2584548592567444
Direct PPO,1052,3.0,0.2,3.2,True,True,True,0.460182351800931,0.004705476588451527,0.8225,3.5500000000000003,0.3500000000000001,0.3500000000000001,0.17720972001552582,0.10249411314725876,0.004559755325317383,0.004559755325317383,0.002476283349096775,0.5129581093788147,0.004705264698714018,5.781685104011558e-06,-1.577463150024414,-0.03658809885382652,0.32490968704223633
Direct PPO,1053,3.0,0.2,3.2,True,True,True,0.22897755041715628,0.008764973806375956,0.8725,2.5500000000000003,0.0,0.0,0.059429045766592026,0.04891058802604675,0.009160041809082031,0.009160041809082031,0.001592222135514021,0.2837497293949127,0.009211561642587185,1.8183113752456848e-06,-0.7320424914360046,-0.38764455914497375,0.44851720333099365
Direct PPO,1054,3.0,0.2,3.2,True,True,True,0.6231994410145874,0.006711546519903496,0.79,4.2,1.0,1.0,0.5921423435211182,0.4614262580871582,0.0054187774658203125,0.0054187774658203125,0.002760669682174921,0.5465015769004822,0.005488718394190073,4.500418526731664e-06,-1.9604523181915283,0.6108824014663696,0.3443475067615509
Direct PPO,1055,3.0,0.2,3.2,True,True,True,0.2754938918802507,0.006227443952796857,0.875,2.5,0.0,0.0,0.054800182580947876,0.04391266033053398,0.00667572021484375,0.00667572021484375,0.0026435363106429577,0.4740158021450043,0.006686813198029995,5.962410227766668e-07,-0.8035520911216736,-0.8197364807128906,0.37500709295272827
Direct PPO,1056,3.0,0.2,3.2,True,True,True,0.21783055109064808,0.004973747326459098,0.89,2.3000000000000003,0.0,0.0,0.051433686167001724,0.04136781767010689,0.005138874053955078,0.005138874053955078,0.0027494037058204412,0.4664081037044525,0.00522864842787385,5.811453320347937e-06,-0.6173267960548401,-0.7547652125358582,0.33817118406295776
Direct PPO,1057,3.0,0.2,3.2,True,True,True,0.3888511257050286,0.0035434726712594276,0.84,3.2,0.0,0.0,0.055312156677246094,0.031842056661844254,0.0033113956451416016,0.0033113956451416016,0.0028433785773813725,0.5523059368133545,0.0036388032604008913,3.635891516751144e-06,-1.4013786315917969,-0.020997419953346252,0.2980625629425049
Direct PPO,1058,3.0,0.2,3.2,True,True,True,0.6165722319077904,0.005853189844348693,0.7925,4.15,0.9500000000000002,0.9500000000000002,0.5590449571609497,0.42740345001220703,0.005328655242919922,0.005328655242919922,0.0028396928682923317,0.5300161838531494,0.005404214840382338,3.397689170014928e-06,-1.9344123601913452,-0.6835842132568359,0.34246277809143066
Direct PPO,1059,3.0,0.2,3.2,True,True,True,0.37845218029053146,0.004642109199220998,0.8425,3.1500000000000004,0.0,0.0,0.05723927170038223,0.035225529223680496,0.004778861999511719,0.004778861999511719,0.002981781028211117,0.5959351062774658,0.004900946281850338,1.490136014581367e-06,-1.3239208459854126,-0.34795770049095154,0.3298633396625519
Direct PPO,1060,3.0,0.2,3.2,True,True,True,0.23356016036142727,0.009287117281122543,0.87,2.6,0.0,0.0,0.06640340387821198,0.05327645316720009,0.009883880615234375,0.009883880615234375,0.0011025810381397605,0.2157813012599945,0.010012062266469002,7.629482752236072e-06,-0.5232435464859009,-0.8263487219810486,0.4775193929672241
Direct PPO,1061,3.0,0.2,3.2,True,True,True,0.28229636767158145,0.0032382029719109713,0.865,2.7,0.0,0.0,0.027056680992245674,0.02179395966231823,0.0029144287109375,0.0029144287109375,0.0027778921648859978,0.5322882533073425,0.003312448738142848,3.904104232788086e-06,-1.0766786336898804,0.09924349933862686,0.28927016258239746
Direct PPO,1062,3.0,0.2,3.2,True,True,True,0.33126471300082605,0.00811674036174188,0.85,3.0,0.0,0.0,0.07903016358613968,0.06483211368322372,0.008586883544921875,0.008586883544921875,0.0020016347989439964,0.34616386890411377,0.008607130497694016,2.8920981094415765e-06,-1.020176649093628,-0.6513675451278687,0.4292861223220825
Direct PPO,1063,3.0,0.2,3.2,True,True,True,0.17892089009933568,0.003492460271643906,0.8875,2.25,0.0,0.0,0.054332707077264786,0.04421749711036682,0.0030965805053710938,0.0030965805053710938,0.002395280171185732,0.4093274176120758,0.0033198746386915445,1.192102104141668e-06,-0.5567145943641663,0.6067063212394714,0.2895512878894806
Direct PPO,1064,3.0,0.2,3.2,True,True,True,0.4410577796404938,0.0022811926729999856,0.8325,3.35,0.1499999999999999,0.1499999999999999,0.06224736198782921,0.027262035757303238,0.01271665096282959,0.01271665096282959,0.0032625526655465364,0.5950151681900024,0.0022807163186371326,7.74860438923497e-07,-1.6129041910171509,-0.13716638088226318,0.24278511106967926
Direct PPO,1065,3.0,0.2,3.2,True,True,True,0.18818790851016085,0.008780999720322978,0.8925,2.15,0.0,0.0,0.04842573404312134,0.0388558991253376,0.009298324584960938,0.009298324584960938,0.0013892797287553549,0.25754883885383606,0.009361086413264275,2.6554635041975416e-06,-0.5033138990402222,-0.5932050347328186,0.453745573759079
Direct PPO,1066,3.0,0.2,3.2,True,True,True,0.3566987069181433,0.0028525595798940128,0.8525,2.95,0.0,0.0,0.0476764440536499,0.035487812012434006,0.032720088958740234,0.02526301145553589,0.0030548020731657743,0.6935980916023254,0.002977399853989482,1.9372829740404995e-07,-1.3762075901031494,0.32575497031211853,0.20805609226226807
Direct PPO,1067,3.0,0.2,3.2,True,True,True,0.23315228702860893,0.0033097619898331144,0.8625,2.75,0.0,0.0,0.0808953046798706,0.06544799357652664,0.0014794468879699707,0.0014794468879699707,0.002424239879474044,0.43427279591560364,0.0032250997610390186,3.399638899281854e-06,-0.6176835894584656,0.9055254459381104,0.20151829719543457
Direct PPO,1068,3.0,0.2,3.2,True,True,True,0.21175527318314674,0.0022991842209296337,0.8875,2.25,0.0,0.0,0.04169970750808716,0.0336800254881382,0.0015804767608642578,0.0015804767608642578,0.00273792608641088,0.5778514742851257,0.0023161962162703276,1.0728881534305401e-06,-0.7787961959838867,0.5352519750595093,0.25048118829727173
Direct PPO,1069,3.0,0.2,3.2,True,True,True,0.20965700045646415,0.002792242814728177,0.8675,2.6500000000000004,0.0,0.0,0.07701088488101959,0.06254230439662933,0.002289891242980957,0.002289891242980957,0.002059963531792164,0.33307594060897827,0.0022940931376069784,1.2367988801997853e-06,-0.5076419115066528,0.8446078896522522,0.24751581251621246
Direct PPO,1070,3.0,0.2,3.2,True,True,True,0.4940334644064178,0.002778676844348627,0.83,3.4000000000000004,0.20000000000000018,0.20000000000000018,0.10046977549791336,0.06702113896608353,0.016781508922576904,0.016781508922576904,0.003161229193210602,0.6858643889427185,0.0023985428269952536,1.4311762015495333e-06,-1.6644020080566406,0.9533751606941223,0.22921264171600342
Direct PPO,1071,3.0,0.2,3.2,True,True,True,0.482094695928455,0.003055891440781276,0.8275,3.45,0.25,0.25,0.1260363757610321,0.07104005664587021,0.0029321908950805664,0.0029321908950805664,0.002910604467615485,0.5387889742851257,0.0026806718669831753,1.4918985868916934e-07,-1.6379417181015015,0.7469041347503662,0.26974478363990784
Direct PPO,1072,3.0,0.2,3.2,True,True,True,0.39905267402466804,0.009735521192718337,0.8175,3.6500000000000004,0.4500000000000002,0.4500000000000002,0.23207567632198334,0.14296536147594452,0.009626388549804688,0.009626388549804688,0.003531851340085268,0.5895304679870605,0.009718811139464378,2.6525203793426044e-06,-1.22187077999115,0.3675197660923004,0.4661308228969574
Direct PPO,1073,3.0,0.2,3.2,True,True,True,0.4917846895235123,0.008051173795109631,0.81,3.8000000000000003,0.6000000000000001,0.6000000000000001,0.26330727338790894,0.1539304554462433,0.02990281581878662,0.02990281581878662,0.004337048623710871,0.7857897281646729,0.006884082220494747,5.960473117738729e-06,-1.5133368968963623,0.8512749075889587,0.3800120949745178
Direct PPO,1074,3.0,0.2,3.2,True,True,True,0.16803916886035627,0.010063929550254997,0.89,2.2,0.0,0.0,0.055115003138780594,0.04549773037433624,0.010285377502441406,0.010285377502441406,0.0009767370065674186,0.19830627739429474,0.01048325840383768,1.8758424857878708e-07,-0.5001789927482605,-0.2884053587913513,0.4962819218635559
Direct PPO,1075,3.0,0.2,3.2,True,True,True,0.2779484582473411,0.0027928495984304233,0.8625,2.75,0.0,0.0,0.08022453635931015,0.06506286561489105,0.003293633460998535,0.003293633460998535,0.002733824774622917,0.5635643601417542,0.0022901841439306736,2.235174406450824e-06,-0.8189709782600403,0.9466501474380493,0.23914383351802826
Direct PPO,1076,3.0,0.2,3.2,True,True,True,0.4825252522629651,0.010590374429143037,0.8075,3.85,0.6499999999999999,0.6499999999999999,0.4066121578216553,0.29762426018714905,0.009278297424316406,0.009278297424316406,0.0014497832162305713,0.2758212685585022,0.009338918142020702,1.2561160929180915e-06,-1.445397138595581,-0.562984049320221,0.45283621549606323
Direct PPO,1077,3.0,0.2,3.2,True,True,True,0.23372295713270672,0.0033780074959657946,0.8725,2.5500000000000003,0.0,0.0,0.06945958733558655,0.05664524435997009,0.0018699169158935547,0.0018699169158935547,0.0028790575452148914,0.5508671998977661,0.002670216141268611,1.937151864694897e-06,-0.6151338219642639,-0.8893533945083618,0.2694230377674103
Direct PPO,1078,3.0,0.2,3.2,True,True,True,0.20068900665382558,0.0029384012381115016,0.8975,2.0500000000000003,0.0,0.0,0.044806282967329025,0.03679975867271423,4.0531158447265625e-05,4.0531158447265625e-05,0.002939909929409623,0.5779286026954651,0.0023241068702191114,1.4603211866415222e-06,-0.6580581068992615,-0.6858707666397095,0.23459486663341522
Direct PPO,1079,3.0,0.2,3.2,True,True,True,0.2588236089995357,0.010708863919126056,0.8575,2.85,0.0,0.0,0.09839547425508499,0.08159039169549942,0.010160446166992188,0.010160446166992188,0.0007395675638690591,0.17918331921100616,0.010328455828130245,2.6525835892243776e-06,-0.5874135494232178,0.8651593327522278,0.4896434247493744
Direct PPO,1080,3.0,0.2,3.2,True,True,True,0.22258740337892852,0.006652491574695681,0.8775,2.45,0.0,0.0,0.06825575232505798,0.0559949167072773,0.006456136703491211,0.006456136703491211,0.002015940146520734,0.3554557263851166,0.0064065055921673775,5.275017429084983e-06,-0.6397119164466858,0.7102972865104675,0.367546945810318
Direct PPO,1081,3.0,0.2,3.2,True,True,True,0.4060473111963386,0.0041242542527422784,0.8425,3.1500000000000004,0.0,0.0,0.07700420171022415,0.05927581712603569,0.0036096572875976562,0.0036096572875976562,0.002898533595725894,0.5500191450119019,0.003738054307177663,2.7120277081849054e-06,-1.3320256471633911,0.8601993322372437,0.3006768822669983
Direct PPO,1082,3.0,0.2,3.2,True,True,True,0.25574908382366907,0.003970919100871512,0.8725,2.5500000000000003,0.0,0.0,0.018308356404304504,0.0143814692273736,0.003947734832763672,0.003947734832763672,0.003031365340575576,0.5723758339881897,0.004171203356236219,5.960583280284482e-07,-0.9581221342086792,-0.30673766136169434,0.3117980659008026
Direct PPO,1083,3.0,0.2,3.2,True,True,True,0.37959109418125525,0.0026399355830154835,0.85,3.0,0.0,0.0,0.05619077757000923,0.04337156191468239,0.025307059288024902,0.02089470624923706,0.003047041827812791,0.6765255928039551,0.0027003760915249586,2.0152428987785242e-06,-1.3940625190734863,0.6289385557174683,0.21643398702144623
Direct PPO,1084,3.0,0.2,3.2,True,True,True,0.2783463660361266,0.007279193776334656,0.875,2.5,0.0,0.0,0.06565254926681519,0.052659209817647934,0.007852554321289062,0.007852554321289062,0.002260038163512945,0.3882583975791931,0.00785448495298624,7.540299066022271e-06,-0.7371216416358948,-0.8951173424720764,0.4071005880832672
Direct PPO,1085,3.0,0.2,3.2,True,True,True,0.20704301985222495,0.007810506730710695,0.88,2.4000000000000004,0.0,0.0,0.05047699436545372,0.041515689343214035,0.008089065551757812,0.008089065551757812,0.001911251456476748,0.3434196412563324,0.00809453520923853,2.4162879981304286e-06,-0.7224554419517517,-0.08529454469680786,0.4138740301132202
Direct PPO,1086,3.0,0.2,3.2,True,True,True,0.2600992718661313,0.00830551871442635,0.8725,2.5500000000000003,0.0,0.0,0.0604044646024704,0.048943329602479935,0.008878707885742188,0.008878707885742188,0.001788608729839325,0.31488877534866333,0.00891253910958767,7.157783556976938e-07,-0.7490203976631165,-0.7008727788925171,0.4387705326080322
Direct PPO,1087,3.0,0.2,3.2,True,True,True,0.39662920973272625,0.004480295133517297,0.845,3.1,0.0,0.0,0.048791080713272095,0.03715139627456665,0.004665851593017578,0.004665851593017578,0.0027583802584558725,0.5633153319358826,0.004799469839781523,4.768582471115224e-07,-1.2718281745910645,-0.8616007566452026,0.3274095356464386
Direct PPO,1088,3.0,0.2,3.2,True,True,True,0.41101085455601694,0.009334394292758584,0.8325,3.35,0.1499999999999999,0.1499999999999999,0.16021527349948883,0.10867507755756378,0.009479045867919922,0.009479045867919922,0.001048700069077313,0.2894524335861206,0.009557505138218403,2.563780526543269e-06,-1.148199200630188,-0.9221230149269104,0.4605681300163269
Direct PPO,1089,3.0,0.2,3.2,True,True,True,0.6000832018332749,0.008691281573541492,0.79,4.2,1.0,1.0,0.5915637016296387,0.46778199076652527,0.0068416595458984375,0.0068416595458984375,0.002425614045932889,0.45943307876586914,0.006848977878689766,3.4874210541602224e-06,-1.8535881042480469,0.5890284776687622,0.37915652990341187
Direct PPO,1090,3.0,0.2,3.2,True,True,True,0.28510869685568163,0.0036086433352710296,0.87,2.6,0.0,0.0,0.02770344354212284,0.022306151688098907,0.0033888816833496094,0.0033888816833496094,0.0030749558936804533,0.5585477352142334,0.0037094384897500277,1.0728875849963515e-06,-0.9845758080482483,-0.6573527455329895,0.30003631114959717
Direct PPO,1091,3.0,0.2,3.2,True,True,True,0.6078881769490942,0.00699093359834741,0.7925,4.15,0.9500000000000002,0.9500000000000002,0.566493809223175,0.43861785531044006,0.006120204925537109,0.006120204925537109,0.0026381826028227806,0.4772239327430725,0.006150347180664539,4.202362561045447e-06,-1.8845704793930054,-0.6914018392562866,0.36124923825263977
Direct PPO,1092,3.0,0.2,3.2,True,True,True,0.6005247615015638,0.004499338816376442,0.7975,4.05,0.8499999999999996,0.8499999999999996,0.5030586123466492,0.3660263121128082,0.003986358642578125,0.003986358642578125,0.00286148302257061,0.5691568851470947,0.004201980773359537,1.4307800029200735e-06,-1.9696727991104126,-0.2278679758310318,0.31251582503318787
Direct PPO,1093,3.0,0.2,3.2,True,True,True,0.26179340423540715,0.008440068682338228,0.8625,2.75,0.0,0.0,0.07352710515260696,0.06097807735204697,0.008617401123046875,0.008617401123046875,0.0016324763419106603,0.3192249536514282,0.008638471364974976,3.6664418985310476e-06,-0.8791002631187439,0.07968070358037949,0.43002596497535706
Direct PPO,1094,3.0,0.2,3.2,True,True,True,0.2436910502345537,0.0025503499645598855,0.88,2.4000000000000004,0.0,0.0,0.02256406843662262,0.018741372972726822,0.0022569894790649414,0.0009355545043945312,0.003015597350895405,0.5768418908119202,0.002323150634765625,2.712011564653949e-06,-0.9031349420547485,-0.5643354058265686,0.2514164447784424
Direct PPO,1095,3.0,0.2,3.2,True,True,True,0.36368524768883115,0.003325506674516995,0.8475,3.0500000000000003,0.0,0.0,0.021080223843455315,0.01310062687844038,0.0031113624572753906,0.0031113624572753906,0.0028945414815098047,0.5470459461212158,0.003491864772513509,1.788144118108903e-06,-1.3096781969070435,-0.4019305408000946,0.2943161725997925
Direct PPO,1096,3.0,0.2,3.2,True,True,True,0.20767801696400176,0.003218364124126189,0.8725,2.5500000000000003,0.0,0.0,0.07035399228334427,0.057235751301050186,0.0028609037399291992,0.0028609037399291992,0.00227785250172019,0.37312740087509155,0.0027678098995238543,5.066705739409372e-07,-0.5565752387046814,0.7886120080947876,0.27283963561058044
Direct PPO,1097,3.0,0.2,3.2,True,True,True,0.35007180357828,0.002723212221236871,0.85,3.0,0.0,0.0,0.02885916270315647,0.021813562139868736,0.002220749855041504,0.002220749855041504,0.0031931386329233646,0.6725095510482788,0.002787011442705989,2.294778823852539e-06,-1.3080552816390991,0.037033263593912125,0.27344202995300293
Direct PPO,1098,3.0,0.2,3.2,True,True,True,0.398639853401511,0.0098446323981612,0.815,3.7,0.5,0.5,0.25090011954307556,0.15017932653427124,0.009817123413085938,0.009817123413085938,0.003951791673898697,0.6768715977668762,0.009934412315487862,1.5117616669613199e-07,-1.2224541902542114,-0.25077617168426514,0.4742331802845001
Direct PPO,1099,3.0,0.2,3.2,True,True,True,0.6083874611284802,0.008214750133025871,0.79,4.2,1.0,1.0,0.6216234564781189,0.4959370195865631,0.006473541259765625,0.006473541259765625,0.0026268579531461,0.45749685168266296,0.006490601692348719,9.850986089077196e-07,-1.9130916595458984,0.09447009861469269,0.36984628438949585
Residual PPO,1000,3.0,0.2,3.2,True,True,True,0.36116031448514546,0.013464842949261568,0.8125,3.75,0.5499999999999998,0.5499999999999998,0.2649036645889282,0.21051564812660217,0.005000591278076172,0.005000591278076172,3.634228778537363e-05,0.05673066899180412,0.005002168472856283,1.3497792679117993e-05,-1.2179213762283325,0.20768369734287262,0.34128254652023315
Residual PPO,1001,3.0,0.2,3.2,True,True,True,0.3759224908391904,0.01568491887247537,0.8125,3.75,0.5499999999999998,0.5499999999999998,0.26456987857818604,0.22098997235298157,0.0018610954284667969,0.0018610954284667969,5.234448326518759e-05,0.06407772749662399,0.001928779762238264,1.5376584997284226e-05,-1.0811076164245605,-0.9685990810394287,0.25630688667297363
Residual PPO,1002,3.0,0.2,3.2,True,True,True,0.4623663619218951,0.021230832763365508,0.7875,4.25,1.0499999999999998,1.0499999999999998,0.44094038009643555,0.37171250581741333,0.007960319519042969,0.007960319519042969,3.567344174371101e-05,0.05556504428386688,0.007963349111378193,2.4466586182825267e-05,-1.428768277168274,-0.28562131524086,0.4242836833000183
Residual PPO,1003,3.0,0.2,3.2,True,True,True,0.5437242376868074,0.023117223401474672,0.775,4.5,1.2999999999999998,1.2999999999999998,0.5310947299003601,0.45359957218170166,0.005235195159912109,0.005235195159912109,4.100850492250174e-05,0.05347350984811783,0.005236085969954729,2.6381027055322193e-05,-1.7183640003204346,-0.48658838868141174,0.34840381145477295
Residual PPO,1004,3.0,0.2,3.2,True,True,True,0.6161807894185493,0.023798899206367956,0.765,4.7,1.5,1.5,0.5889798402786255,0.5060352087020874,0.0012950897216796875,0.0012950897216796875,4.930212890030816e-05,0.05593080818653107,0.0014178174315020442,2.4484226742060855e-05,-1.998679280281067,-0.7396973967552185,0.24154320359230042
Residual PPO,1005,3.0,0.2,3.2,True,True,True,0.6023444672988407,0.02073484043580828,0.7675,4.65,1.4500000000000002,1.4500000000000002,0.5756721496582031,0.49194446206092834,0.0029582977294921875,0.0029582977294921875,4.382586121209897e-05,0.05372936651110649,0.002981779631227255,2.156320260837674e-05,-1.8766711950302124,0.8611240983009338,0.28618520498275757
Residual PPO,1006,3.0,0.2,3.2,True,True,True,0.43626891762999387,0.015178001355643289,0.795,4.1000000000000005,0.9000000000000004,0.9000000000000004,0.35774531960487366,0.29498693346977234,0.0030965805053710938,0.0030965805053710938,3.9001512050163e-05,0.05488300323486328,0.00311709800735116,1.1381602234905586e-05,-1.4946178197860718,0.20171388983726501,0.28934937715530396
Residual PPO,1007,3.0,0.2,3.2,True,True,True,0.6390922244476904,0.028191138655762605,0.755,4.9,1.7000000000000002,1.7000000000000002,0.727173388004303,0.6311931610107422,0.00684356689453125,0.00684356689453125,3.914774060831405e-05,0.055247776210308075,0.0068441531620919704,2.5827126592048444e-05,-1.8931626081466675,0.6319606900215149,0.39287856221199036
Residual PPO,1008,3.0,0.2,3.2,True,True,True,0.5334538072072507,0.01746727004977092,0.78,4.4,1.2000000000000002,1.2000000000000002,0.47589659690856934,0.40153977274894714,0.0021991729736328125,0.0021991729736328125,4.227568570058793e-05,0.05499039962887764,0.002248397096991539,1.3226160263002384e-05,-1.749120831489563,0.6261014938354492,0.26522985100746155
Residual PPO,1009,3.0,0.2,3.2,True,True,True,0.5578278042867189,0.019409683801474495,0.7725,4.55,1.3499999999999996,1.3499999999999996,0.5097675323486328,0.4341064691543579,0.00031948089599609375,0.00031948089599609375,4.584711496136151e-05,0.05532042682170868,0.0007691539358347654,1.815385985537432e-05,-1.9152493476867676,-0.3461688160896301,0.2149554342031479
Residual PPO,1010,3.0,0.2,3.2,True,True,True,0.6554655406725045,0.03789230056026996,0.74,5.2,2.0,2.0,0.8879227638244629,0.7838464975357056,0.009693145751953125,0.009693145751953125,3.561732955859043e-05,0.05883181095123291,0.009701800532639027,4.6568969992222264e-05,-1.8575115203857422,0.07161146402359009,0.4753030240535736
Residual PPO,1011,3.0,0.2,3.2,True,True,True,0.4534496529270671,0.015379556783599696,0.7925,4.15,0.9500000000000002,0.9500000000000002,0.3776974380016327,0.3133443593978882,0.0021457672119140625,0.0021457672119140625,4.043599983560853e-05,0.05595096945762634,0.002197445370256901,1.2916416380903684e-05,-1.57381272315979,0.12664707005023956,0.26378002762794495
Residual PPO,1012,3.0,0.2,3.2,True,True,True,0.4632172253688579,0.0151756782066556,0.7925,4.15,0.9500000000000002,0.9500000000000002,0.3793729245662689,0.3136995732784271,0.0024318695068359375,0.0024318695068359375,4.075454125995748e-05,0.05503632500767708,0.0024710840079933405,1.3242763998277951e-05,-1.5405192375183105,0.561293363571167,0.2715309262275696
Residual PPO,1013,3.0,0.2,3.2,True,True,True,0.31580240829392464,0.015281233635964868,0.82,3.6,0.3999999999999999,0.3999999999999999,0.22108890116214752,0.19308961927890778,0.007170677185058594,0.007170677185058594,4.8487552703591064e-05,0.06542210280895233,0.007171877659857273,2.035052966675721e-05,-0.8082606196403503,-0.8420410752296448,0.401797890663147
Residual PPO,1014,3.0,0.2,3.2,True,True,True,0.4492790693774735,0.02146928503462699,0.79,4.2,1.0,1.0,0.44583404064178467,0.3753603994846344,0.009519577026367188,0.009519577026367188,3.243353421567008e-05,0.05316435918211937,0.009527650661766529,3.073003244935535e-05,-1.3467140197753906,0.1714046150445938,0.4693894386291504
Residual PPO,1015,3.0,0.2,3.2,True,True,True,0.4591434275751533,0.018940935828522847,0.79,4.2,1.0,1.0,0.42130398750305176,0.35282793641090393,0.006839752197265625,0.006839752197265625,3.515500429784879e-05,0.05565981566905975,0.0068403491750359535,1.8370456018601544e-05,-1.4601455926895142,0.21413566172122955,0.39239153265953064
Residual PPO,1016,3.0,0.2,3.2,True,True,True,0.4947372455251861,0.01864296860857607,0.7825,4.3500000000000005,1.1500000000000004,1.1500000000000004,0.4477543234825134,0.377544641494751,0.003688335418701172,0.003688335418701172,3.96025825466495e-05,0.054929330945014954,0.0036991508677601814,2.3736829461995512e-05,-1.6580126285552979,-0.11461202055215836,0.3060871958732605
Residual PPO,1017,3.0,0.2,3.2,True,True,True,0.254956863596029,0.01275039998701556,0.8425,3.1500000000000004,0.0,0.0,0.16088680922985077,0.14160442352294922,0.010333061218261719,0.010333061218261719,3.056273635593243e-05,0.050358716398477554,0.0103440647944808,6.993357601459138e-06,-0.62247234582901,0.6426637768745422,0.4917738139629364
Residual PPO,1018,3.0,0.2,3.2,True,True,True,0.35852911309557567,0.01685917729353632,0.8125,3.75,0.5499999999999998,0.5499999999999998,0.2939121723175049,0.2380736619234085,0.009283065795898438,0.009283065795898438,3.271992682130076e-05,0.054029952734708786,0.009290214627981186,1.3128060345479753e-05,-1.1090368032455444,-0.0900818482041359,0.4614541530609131
Residual PPO,1019,3.0,0.2,3.2,True,True,True,0.5147296837107622,0.020783029373288835,0.78,4.4,1.2000000000000002,1.2000000000000002,0.489571213722229,0.41567039489746094,0.004947185516357422,0.004947185516357422,3.907474456354976e-05,0.05654187127947807,0.004948953632265329,1.8219108824268915e-05,-1.674609661102295,-0.20800989866256714,0.34006524085998535
Residual PPO,1020,3.0,0.2,3.2,True,True,True,0.3190391085567282,0.011713708055532573,0.825,3.5,0.2999999999999998,0.2999999999999998,0.20025533437728882,0.15806050598621368,0.0006160736083984375,0.0006160736083984375,4.2388808651594445e-05,0.05717238411307335,0.0009042379097081721,1.3320552170625888e-05,-1.1319496631622314,-0.4326494336128235,0.2227078378200531
Residual PPO,1021,3.0,0.2,3.2,True,True,True,0.5358071160276275,0.029386941533203655,0.7675,4.65,1.4500000000000002,1.4500000000000002,0.586866021156311,0.5046969056129456,0.0104827880859375,0.0104827880859375,3.987094169133343e-05,0.054536160081624985,0.010494393296539783,2.9561981136794202e-05,-1.4384177923202515,-0.8382971882820129,0.49743902683258057
Residual PPO,1022,3.0,0.2,3.2,True,True,True,0.6854651217035619,0.029728541255014104,0.7475,5.050000000000001,1.8500000000000005,1.8500000000000005,0.7890450358390808,0.6873140931129456,0.006273746490478516,0.006273746490478516,4.187496597296558e-05,0.057589091360569,0.006273787934333086,2.4736686100368388e-05,-1.999210000038147,0.8368335366249084,0.37694433331489563
Residual PPO,1023,3.0,0.2,3.2,True,True,True,0.5420529509299796,0.02584358360983315,0.775,4.5,1.2999999999999998,1.2999999999999998,0.5801902413368225,0.4965631663799286,0.009636878967285156,0.009636878967285156,3.583438592613675e-05,0.05414476990699768,0.00964532420039177,3.2209540222538635e-05,-1.4916963577270508,0.8117974996566772,0.4728805720806122
Residual PPO,1024,3.0,0.2,3.2,True,True,True,0.46102239546147383,0.018350691929703792,0.7925,4.15,0.9500000000000002,0.9500000000000002,0.3922930359840393,0.32805365324020386,0.0038728713989257812,0.0038728713989257812,4.1778406739467755e-05,0.053953882306814194,0.003881570417433977,2.3613021767232567e-05,-1.51630699634552,-0.48329436779022217,0.3110935389995575
Residual PPO,1025,3.0,0.2,3.2,True,True,True,0.20760839905787065,0.007162004268682778,0.8575,2.85,0.0,0.0,0.08520155400037766,0.07583059370517731,0.0015974044799804688,0.0015974044799804688,3.6684850783785805e-05,0.05492113158106804,0.0016866271616891026,5.3809071687282994e-06,-0.7683239579200745,0.258014976978302,0.24864348769187927
Residual PPO,1026,3.0,0.2,3.2,True,True,True,0.5098727227555979,0.017155554264893524,0.78,4.4,1.2000000000000002,1.2000000000000002,0.4544021487236023,0.3829790949821472,0.0019392967224121094,0.0019392967224121094,4.1254865209339187e-05,0.055167581886053085,0.002002492779865861,1.5597190213156864e-05,-1.7438942193984985,0.19023452699184418,0.2583710551261902
Residual PPO,1027,3.0,0.2,3.2,True,True,True,0.6338201249204266,0.02775648199849191,0.7525,4.95,1.75,1.75,0.7193803787231445,0.6247291564941406,0.005996227264404297,0.005996227264404297,3.887289858539589e-05,0.05583762750029564,0.005996232386678457,2.9516577342292294e-05,-1.9580382108688354,0.12429128587245941,0.36954861879348755
Residual PPO,1028,3.0,0.2,3.2,True,True,True,0.23991422277040447,0.011219914448127814,0.8475,3.0500000000000003,0.0,0.0,0.14032922685146332,0.1229693666100502,0.007213592529296875,0.007213592529296875,3.706210554810241e-05,0.05677872151136398,0.007214853074401617,1.2559680726553779e-05,-0.7757433652877808,-0.22796711325645447,0.4025936424732208
Residual PPO,1029,3.0,0.2,3.2,True,True,True,0.23713339375078765,0.00807520032144574,0.8575,2.85,0.0,0.0,0.11589574068784714,0.10157549381256104,0.00034046173095703125,0.00034046173095703125,3.712019315571524e-05,0.05146240442991257,0.0007768173818476498,3.224255351597094e-06,-0.7448340058326721,0.6458722352981567,0.214758962392807
Residual PPO,1030,3.0,0.2,3.2,True,True,True,0.595361312644947,0.030752753665332394,0.7625,4.75,1.5499999999999998,1.5499999999999998,0.6473789215087891,0.5592604875564575,0.008636474609375,0.008636474609375,4.4002019421895966e-05,0.056805841624736786,0.00864149909466505,3.1016719731269404e-05,-1.6447029113769531,-0.9496257901191711,0.4438457489013672
Residual PPO,1031,3.0,0.2,3.2,True,True,True,0.3605015610436719,0.013786369647424954,0.8225,3.5500000000000003,0.3500000000000001,0.3500000000000001,0.23585672676563263,0.1875670850276947,0.007080078125,0.007080078125,4.3213978642597795e-05,0.08096349984407425,0.007081060204654932,9.64766149991192e-06,-0.9611496329307556,0.9009804725646973,0.39864641427993774
Residual PPO,1032,3.0,0.2,3.2,True,True,True,0.2602017953865053,0.014370026699375829,0.835,3.3000000000000003,0.10000000000000009,0.10000000000000009,0.1803700476884842,0.15901078283786774,0.010565757751464844,0.010565757751464844,3.472309617791325e-05,0.05468523129820824,0.010577705688774586,1.2754368071909994e-05,-0.6833899617195129,-0.5306191444396973,0.49894750118255615
Residual PPO,1033,3.0,0.2,3.2,True,True,True,0.3013729810040011,0.01387775780741802,0.8325,3.35,0.1499999999999999,0.1499999999999999,0.18872861564159393,0.16306185722351074,0.009778022766113281,0.009778022766113281,3.1599687645211816e-05,0.05158557370305061,0.009787028655409813,1.7580496205482632e-05,-0.7577928304672241,0.7459949851036072,0.4761985242366791
Residual PPO,1034,3.0,0.2,3.2,True,True,True,0.2047976737138459,0.009633939748390984,0.8525,2.95,0.0,0.0,0.144008606672287,0.1259908229112625,0.0006432533264160156,0.0006432533264160156,4.1314873669762164e-05,0.05516786500811577,0.0009206236572936177,1.0338015272282064e-05,-0.5296080112457275,-0.6777904629707336,0.22327283024787903
Residual PPO,1035,3.0,0.2,3.2,True,True,True,0.5004009047466966,0.023814740049476677,0.78,4.4,1.2000000000000002,1.2000000000000002,0.5162550806999207,0.4400792121887207,0.008394241333007812,0.008394241333007812,3.5423228837316856e-05,0.05624552443623543,0.008398516103625298,2.794935426209122e-05,-1.5201642513275146,-0.23973245918750763,0.436818927526474
Residual PPO,1036,3.0,0.2,3.2,True,True,True,0.496278102266589,0.01857086021168792,0.7875,4.25,1.0499999999999998,1.0499999999999998,0.4462772309780121,0.37459683418273926,0.005269050598144531,0.005269050598144531,3.798742181970738e-05,0.05422503128647804,0.005269884597510099,2.006019167311024e-05,-1.558912754058838,0.6018440127372742,0.34900519251823425
Residual PPO,1037,3.0,0.2,3.2,True,True,True,0.4806676507076845,0.020914541424550022,0.7875,4.25,1.0499999999999998,1.0499999999999998,0.4483332931995392,0.3785219192504883,0.0064830780029296875,0.0064830780029296875,3.803141225944273e-05,0.05394672229886055,0.00648327125236392,2.2877306037116796e-05,-1.5164998769760132,-0.3818822205066681,0.38270920515060425
Residual PPO,1038,3.0,0.2,3.2,True,True,True,0.48636732805179533,0.020470103399373715,0.79,4.2,1.0,1.0,0.4145047664642334,0.34874776005744934,0.004140377044677734,0.004140377044677734,4.525432814261876e-05,0.054228149354457855,0.004146652761846781,1.9274206351838075e-05,-1.5098652839660645,-0.8029577136039734,0.31811848282814026
Residual PPO,1039,3.0,0.2,3.2,True,True,True,0.20189296087825598,0.008999566565316728,0.86,2.8000000000000003,0.0,0.0,0.10729926824569702,0.09571077674627304,0.005900859832763672,0.005900859832763672,3.3180225727846846e-05,0.05457356944680214,0.005900884512811899,1.4819447642366868e-05,-0.6960156559944153,-0.0387578122317791,0.3661683201789856
Residual PPO,1040,3.0,0.2,3.2,True,True,True,0.26324428198989674,0.011223271069492233,0.845,3.1,0.0,0.0,0.14746256172657013,0.12864944338798523,0.007603645324707031,0.007603645324707031,3.276004281360656e-05,0.0505857914686203,0.007605742663145065,1.2638462067116052e-05,-0.7547146081924438,0.5635512471199036,0.4134989380836487
Residual PPO,1041,3.0,0.2,3.2,True,True,True,0.21438720485366605,0.01165403704203297,0.855,2.9000000000000004,0.0,0.0,0.1348058581352234,0.11983468383550644,0.009401321411132812,0.009401321411132812,3.185460082022473e-05,0.05626041814684868,0.009408991783857346,1.6610720194876194e-05,-0.6478168964385986,-0.19675222039222717,0.46515655517578125
Residual PPO,1042,3.0,0.2,3.2,True,True,True,0.4537932148030377,0.019078429536417474,0.7925,4.15,0.9500000000000002,0.9500000000000002,0.4062342345714569,0.3401760160923004,0.006130218505859375,0.006130218505859375,3.721316534210928e-05,0.0545051172375679,0.00613022455945611,2.0761119230883196e-05,-1.463887333869934,-0.25558269023895264,0.3728010952472687
Residual PPO,1043,3.0,0.2,3.2,True,True,True,0.5641070031684648,0.023924128298355208,0.775,4.5,1.2999999999999998,1.2999999999999998,0.5325518250465393,0.454990029335022,0.0041866302490234375,0.0041866302490234375,4.5863336708862334e-05,0.054012831300497055,0.004192558117210865,2.1364452550187707e-05,-1.7490100860595703,-0.7958716750144958,0.31946444511413574
Residual PPO,1044,3.0,0.2,3.2,True,True,True,0.5991253765678279,0.01799976747147896,0.7675,4.65,1.4500000000000002,1.4500000000000002,0.5538544058799744,0.47241654992103577,0.00012731552124023438,0.00012731552124023438,4.621599509846419e-05,0.05571870133280754,0.0007362628821283579,1.5305018678191118e-05,-1.981444239616394,0.7169352173805237,0.20961801707744598
Residual PPO,1045,3.0,0.2,3.2,True,True,True,0.2403982685553806,0.011809075973082544,0.8475,3.0500000000000003,0.0,0.0,0.15095113217830658,0.13328970968723297,0.007683753967285156,0.007683753967285156,3.7234498449834064e-05,0.05597039312124252,0.007686064578592777,1.3707554899156094e-05,-0.7272861003875732,-0.39523494243621826,0.4158290922641754
Residual PPO,1046,3.0,0.2,3.2,True,True,True,0.6310271340265455,0.027939080079125673,0.755,4.9,1.7000000000000002,1.7000000000000002,0.7144280076026917,0.619550883769989,0.006968975067138672,0.006968975067138672,3.879988435073756e-05,0.05389938876032829,0.006969757378101349,2.7612952180788852e-05,-1.868130087852478,0.6265861392021179,0.39649125933647156
Residual PPO,1047,3.0,0.2,3.2,True,True,True,0.3336860387150228,0.012471530109413632,0.82,3.6,0.3999999999999999,0.3999999999999999,0.22758594155311584,0.17877554893493652,0.0034360885620117188,0.0034360885620117188,3.818469122052193e-05,0.05780681595206261,0.003450387855991721,1.4553807886841241e-05,-1.1699552536010742,-0.14992530643939972,0.29876548051834106
Residual PPO,1048,3.0,0.2,3.2,True,True,True,0.34719768959854025,0.016890607373987686,0.815,3.7,0.5,0.5,0.2608684003353119,0.2143355906009674,0.010005950927734375,0.010005950927734375,4.624420762411319e-05,0.06428633630275726,0.010015765205025673,1.2422667168721091e-05,-0.9076822996139526,-0.7630760073661804,0.4824531674385071
Residual PPO,1049,3.0,0.2,3.2,True,True,True,0.5318305412835175,0.02498056489591419,0.7725,4.55,1.3499999999999996,1.3499999999999996,0.5750760436058044,0.4932700991630554,0.008275985717773438,0.008275985717773438,3.483027103357017e-05,0.05582607537508011,0.008279872126877308,2.6057663490064442e-05,-1.6127384901046753,0.09402617067098618,0.43331217765808105
Residual PPO,1050,3.0,0.2,3.2,True,True,True,0.43500189651357074,0.022679521762746933,0.7925,4.15,0.9500000000000002,0.9500000000000002,0.43133115768432617,0.3633095622062683,0.010535240173339844,0.010535240173339844,3.4095373848685995e-05,0.05658017098903656,0.01054705772548914,2.534446684876457e-05,-1.2507070302963257,-0.40418457984924316,0.49881017208099365
Residual PPO,1051,3.0,0.2,3.2,True,True,True,0.2642811635317994,0.011170556464074256,0.8425,3.1500000000000004,0.0,0.0,0.1607586145401001,0.14082366228103638,0.0019488334655761719,0.0019488334655761719,3.909837323590182e-05,0.05782900005578995,0.002011063974350691,1.1552735486475285e-05,-0.8433747291564941,-0.6024307608604431,0.2584548592567444
Residual PPO,1052,3.0,0.2,3.2,True,True,True,0.47271246296056696,0.018059248267861937,0.7875,4.25,1.0499999999999998,1.0499999999999998,0.42119359970092773,0.35327577590942383,0.004395008087158203,0.004395008087158203,3.82411053578835e-05,0.053813036531209946,0.004399486351758242,1.6859770767041482e-05,-1.577463150024414,-0.03658809885382652,0.32490968704223633
Residual PPO,1053,3.0,0.2,3.2,True,True,True,0.2483329886754808,0.012702087160694767,0.845,3.1,0.0,0.0,0.15940934419631958,0.14030280709266663,0.008838653564453125,0.008838653564453125,3.682617170852609e-05,0.05578303709626198,0.008844335563480854,1.0707692126743495e-05,-0.7320424914360046,-0.38764455914497375,0.44851720333099365
Residual PPO,1054,3.0,0.2,3.2,True,True,True,0.6389683749402146,0.025497254614859532,0.7575,4.8500000000000005,1.6500000000000004,1.6500000000000004,0.6896383166313171,0.5966761708259583,0.0050983428955078125,0.0050983428955078125,4.0591625293018296e-05,0.05308976769447327,0.0050996532663702965,2.151672561012674e-05,-1.9604523181915283,0.6108824014663696,0.3443475067615509
Residual PPO,1055,3.0,0.2,3.2,True,True,True,0.3061796029713726,0.014496711285941339,0.8225,3.5500000000000003,0.3500000000000001,0.3500000000000001,0.21117906272411346,0.1848861575126648,0.006228923797607422,0.006228923797607422,4.9458300054538995e-05,0.0686565712094307,0.006228957325220108,1.1471811376395635e-05,-0.8035520911216736,-0.8197364807128906,0.37500709295272827
Residual PPO,1056,3.0,0.2,3.2,True,True,True,0.24836095875995134,0.011846743891087592,0.835,3.3000000000000003,0.10000000000000009,0.10000000000000009,0.17594267427921295,0.154398575425148,0.0048847198486328125,0.0048847198486328125,4.2165898776147515e-05,0.05485446751117706,0.004886659327894449,1.3843549822922796e-05,-0.6173267960548401,-0.7547652125358582,0.33817118406295776
Residual PPO,1057,3.0,0.2,3.2,True,True,True,0.4055888624781391,0.014734637010371457,0.8025,3.95,0.75,0.75,0.32105109095573425,0.2623576819896698,0.0034117698669433594,0.0034117698669433594,3.880788790411316e-05,0.057102836668491364,0.0034265152644366026,1.4516837836708874e-05,-1.4013786315917969,-0.020997419953346252,0.2980625629425049
Residual PPO,1058,3.0,0.2,3.2,True,True,True,0.6310726458178824,0.02793290316126604,0.7575,4.8500000000000005,1.6500000000000004,1.6500000000000004,0.6678023934364319,0.5776981711387634,0.0050106048583984375,0.0050106048583984375,4.461589560378343e-05,0.05702739953994751,0.005012118723243475,3.0235622034524567e-05,-1.9344123601913452,-0.6835842132568359,0.34246277809143066
Residual PPO,1059,3.0,0.2,3.2,True,True,True,0.397208813563454,0.01586462877649023,0.805,3.9000000000000004,0.7000000000000002,0.7000000000000002,0.3130488395690918,0.2563784122467041,0.004569530487060547,0.004569530487060547,3.937053770641796e-05,0.05684186518192291,0.0045729163102805614,2.0071911421837285e-05,-1.3239208459854126,-0.34795770049095154,0.3298633396625519
Residual PPO,1060,3.0,0.2,3.2,True,True,True,0.2628026452153459,0.01454220834482849,0.8275,3.45,0.25,0.25,0.1999511569738388,0.17577126622200012,0.009820938110351562,0.009820938110351562,3.8087524444563314e-05,0.052358414977788925,0.009830157272517681,1.995440834434703e-05,-0.5232435464859009,-0.8263487219810486,0.4775193929672241
Residual PPO,1061,3.0,0.2,3.2,True,True,True,0.30124628252616714,0.009920980195530426,0.825,3.5,0.2999999999999998,0.2999999999999998,0.18062248826026917,0.13484495878219604,0.0030961036682128906,0.0030961036682128906,4.037137114210054e-05,0.05973135679960251,0.00311650731600821,9.275016964238603e-06,-1.0766786336898804,0.09924349933862686,0.28927016258239746
Residual PPO,1062,3.0,0.2,3.2,True,True,True,0.3526486072598435,0.016355379043299097,0.8175,3.6500000000000004,0.4500000000000002,0.4500000000000002,0.26282578706741333,0.21413302421569824,0.008147239685058594,0.008147239685058594,4.221891867928207e-05,0.06088947132229805,0.00815081037580967,1.9256620362284593e-05,-1.020176649093628,-0.6513675451278687,0.4292861223220825
Residual PPO,1063,3.0,0.2,3.2,True,True,True,0.20011815171836989,0.007567891117658309,0.87,2.6,0.0,0.0,0.11410362273454666,0.10006284713745117,0.003108501434326172,0.003108501434326172,2.8598993594641797e-05,0.049730684608221054,0.0031285991426557302,7.542420462414157e-06,-0.5567145943641663,0.6067063212394714,0.2895512878894806
Residual PPO,1064,3.0,0.2,3.2,True,True,True,0.4603790584511166,0.015893123770039912,0.79,4.2,1.0,1.0,0.3843914866447449,0.32009977102279663,0.0013570785522460938,0.0013570785522460938,4.238853944116272e-05,0.057002294808626175,0.0014720942126587033,1.6906715245568193e-05,-1.6129041910171509,-0.13716638088226318,0.24278511106967926
Residual PPO,1065,3.0,0.2,3.2,True,True,True,0.21394547227808117,0.011961789988747584,0.845,3.1,0.0,0.0,0.1554633378982544,0.1369388848543167,0.009021759033203125,0.009021759033203125,3.409396595088765e-05,0.056316182017326355,0.009028063155710697,1.008257004286861e-05,-0.5033138990402222,-0.5932050347328186,0.453745573759079
Residual PPO,1066,3.0,0.2,3.2,True,True,True,0.3826558192850193,0.011683075713727727,0.8075,3.85,0.6499999999999999,0.6499999999999999,0.26970425248146057,0.21443411707878113,7.677078247070312e-05,7.677078247070312e-05,4.054741293657571e-05,0.056300632655620575,0.0007348207873292267,1.1015546988346614e-05,-1.3762075901031494,0.32575497031211853,0.20805609226226807
Residual PPO,1067,3.0,0.2,3.2,True,True,True,0.2591024076026633,0.010006128263753267,0.8375,3.25,0.04999999999999982,0.04999999999999982,0.16483034193515778,0.14370256662368774,0.0,0.0,3.3248426916543394e-05,0.04732120409607887,0.000773339532315731,1.136921582656214e-06,-0.6176835894584656,0.9055254459381104,0.20151829719543457
Residual PPO,1068,3.0,0.2,3.2,True,True,True,0.23577816738947874,0.00795097038923341,0.855,2.9000000000000004,0.0,0.0,0.10827844589948654,0.095065638422966,0.0016617774963378906,0.0016617774963378906,3.803014260483906e-05,0.05689382180571556,0.0017451924504712224,7.232789357658476e-06,-0.7787961959838867,0.5352519750595093,0.25048118829727173
Residual PPO,1069,3.0,0.2,3.2,True,True,True,0.23332212730827862,0.009248814665942972,0.8425,3.1500000000000004,0.0,0.0,0.15521636605262756,0.13531771302223206,0.0015544891357421875,0.0015544891357421875,2.9598782930406742e-05,0.04623532295227051,0.0016476825112476945,5.1159468057448976e-06,-0.5076419115066528,0.8446078896522522,0.24751581251621246
Residual PPO,1070,3.0,0.2,3.2,True,True,True,0.5261669355930441,0.016458757864822603,0.785,4.3,1.0999999999999996,1.0999999999999996,0.4383385479450226,0.36647889018058777,0.0008568763732910156,0.0008568763732910156,4.634048309526406e-05,0.054403576999902725,0.0010657436214387417,1.4133605873212218e-05,-1.6644020080566406,0.9533751606941223,0.22921264171600342
Residual PPO,1071,3.0,0.2,3.2,True,True,True,0.50813358329325,0.016626890402150363,0.7875,4.25,1.0499999999999998,1.0499999999999998,0.4330804944038391,0.3621825873851776,0.0023593902587890625,0.0023593902587890625,4.242944487486966e-05,0.05432979390025139,0.002401402685791254,1.6634596249787137e-05,-1.6379417181015015,0.7469041347503662,0.26974478363990784
Residual PPO,1072,3.0,0.2,3.2,True,True,True,0.40932307804377965,0.01866706337247526,0.8,4.0,0.7999999999999998,0.7999999999999998,0.3658667206764221,0.30196279287338257,0.009420394897460938,0.009420394897460938,3.220987127861008e-05,0.05385617911815643,0.009428092278540134,2.4506880436092615e-05,-1.22187077999115,0.3675197660923004,0.4661308228969574
Residual PPO,1073,3.0,0.2,3.2,True,True,True,0.513633301378044,0.020079130606633917,0.785,4.3,1.0999999999999996,1.0999999999999996,0.46710532903671265,0.39294055104255676,0.006397247314453125,0.006397247314453125,3.889669096679427e-05,0.05347202718257904,0.006397361401468515,1.756817255227361e-05,-1.5133368968963623,0.8512749075889587,0.3800120949745178
Residual PPO,1074,3.0,0.2,3.2,True,True,True,0.18449677605538786,0.011563519655697803,0.8625,2.75,0.0,0.0,0.12844218313694,0.11396042257547379,0.010491371154785156,0.010491371154785156,3.0210399927455e-05,0.054845720529556274,0.01050298847258091,5.356777364795562e-06,-0.5001789927482605,-0.2884053587913513,0.4962819218635559
Residual PPO,1075,3.0,0.2,3.2,True,True,True,0.30814629946355737,0.011162051488518735,0.8325,3.35,0.1499999999999999,0.1499999999999999,0.1794649064540863,0.15592363476753235,0.0012459754943847656,0.0012459754943847656,4.006938615930267e-05,0.04984830319881439,0.001376735046505928,4.019092557427939e-06,-0.8189709782600403,0.9466501474380493,0.23914383351802826
Residual PPO,1076,3.0,0.2,3.2,True,True,True,0.49452107687359376,0.024496182593524204,0.7825,4.3500000000000005,1.1500000000000004,1.1500000000000004,0.4993387460708618,0.42499908804893494,0.008947372436523438,0.008947372436523438,3.744451532838866e-05,0.05394537374377251,0.008953462354838848,3.0521990993293e-05,-1.445397138595581,-0.562984049320221,0.45283621549606323
Residual PPO,1077,3.0,0.2,3.2,True,True,True,0.2659838557598022,0.0126197579627364,0.8275,3.45,0.25,0.25,0.19454964995384216,0.17026004195213318,0.002357006072998047,0.002357006072998047,4.5554712414741516e-05,0.061846207827329636,0.0023988140746951103,1.1039468517992646e-05,-0.6151338219642639,-0.8893533945083618,0.2694230377674103
Residual PPO,1078,3.0,0.2,3.2,True,True,True,0.2314196892607213,0.010440013993308617,0.845,3.1,0.0,0.0,0.15549694001674652,0.13624577224254608,0.0010662078857421875,0.0010662078857421875,4.5748889533570036e-05,0.0681757777929306,0.0012264838442206383,9.470214536122512e-06,-0.6580581068992615,-0.6858707666397095,0.23459486663341522
Residual PPO,1079,3.0,0.2,3.2,True,True,True,0.28279801971553203,0.013884764504534929,0.83,3.4000000000000004,0.20000000000000018,0.20000000000000018,0.19193832576274872,0.16833755373954773,0.010272979736328125,0.010272979736328125,3.194257806171663e-05,0.048200059682130814,0.010283696465194225,2.711945398914395e-06,-0.5874135494232178,0.8651593327522278,0.4896434247493744
Residual PPO,1080,3.0,0.2,3.2,True,True,True,0.2463520802277849,0.010082969229180257,0.85,3.0,0.0,0.0,0.1458597332239151,0.1280004233121872,0.005969047546386719,0.005969047546386719,3.084989657509141e-05,0.05107704922556877,0.005969057325273752,6.324719379335875e-06,-0.6397119164466858,0.7102972865104675,0.367546945810318
Residual PPO,1081,3.0,0.2,3.2,True,True,True,0.43530904153719596,0.014922223269972716,0.805,3.9000000000000004,0.7000000000000002,0.7000000000000002,0.3283463716506958,0.2666362524032593,0.003516674041748047,0.003516674041748047,4.1184590372722596e-05,0.0522732175886631,0.003529956564307213,9.942630640580319e-06,-1.3320256471633911,0.8601993322372437,0.3006768822669983
Residual PPO,1082,3.0,0.2,3.2,True,True,True,0.27841806055490853,0.010818624375594438,0.8325,3.35,0.1499999999999999,0.1499999999999999,0.1629067212343216,0.13037365674972534,0.003929615020751953,0.003929615020751953,3.531880065565929e-05,0.06687809526920319,0.003937841858714819,8.196914677682798e-06,-0.9581221342086792,-0.30673766136169434,0.3117980659008026
Residual PPO,1083,3.0,0.2,3.2,True,True,True,0.41003041565975656,0.012434405053125978,0.805,3.9000000000000004,0.7000000000000002,0.7000000000000002,0.2949245572090149,0.23658955097198486,0.00038909912109375,0.00038909912109375,4.183789496892132e-05,0.05276552960276604,0.0007937786867842078,1.0440824553370476e-05,-1.3940625190734863,0.6289385557174683,0.21643398702144623
Residual PPO,1084,3.0,0.2,3.2,True,True,True,0.30945658273718213,0.015329992001341247,0.8175,3.6500000000000004,0.4500000000000002,0.4500000000000002,0.2228752076625824,0.19577111303806305,0.007361412048339844,0.007361412048339844,4.632782292901538e-05,0.055608294904232025,0.007363001350313425,1.960308145498857e-05,-0.7371216416358948,-0.8951173424720764,0.4071005880832672
Residual PPO,1085,3.0,0.2,3.2,True,True,True,0.22109489136826008,0.010582868208084576,0.8525,2.95,0.0,0.0,0.1254483461380005,0.11117902398109436,0.007617950439453125,0.007617950439453125,3.370069680386223e-05,0.05637222155928612,0.007620091084390879,1.2089099072909448e-05,-0.7224554419517517,-0.08529454469680786,0.4138740301132202
Residual PPO,1086,3.0,0.2,3.2,True,True,True,0.28667566464228433,0.014448142184585844,0.8275,3.45,0.25,0.25,0.19791942834854126,0.17371194064617157,0.008494377136230469,0.008494377136230469,4.238446126691997e-05,0.05526653304696083,0.008498967625200748,1.249614251719322e-05,-0.7490203976631165,-0.7008727788925171,0.4387705326080322
Residual PPO,1087,3.0,0.2,3.2,True,True,True,0.42486728236984905,0.018403374463010564,0.805,3.9000000000000004,0.7000000000000002,0.7000000000000002,0.33106327056884766,0.2751263678073883,0.004489898681640625,0.004489898681640625,4.544217517832294e-05,0.0566796250641346,0.004493756219744682,1.5185813026619144e-05,-1.2718281745910645,-0.8616007566452026,0.3274095356464386
Residual PPO,1088,3.0,0.2,3.2,True,True,True,0.43272950411162103,0.021512443319400346,0.7925,4.15,0.9500000000000002,0.9500000000000002,0.36592209339141846,0.30607151985168457,0.0092315673828125,0.0092315673828125,4.1476552723906934e-05,0.05755048245191574,0.009238623082637787,2.279628643009346e-05,-1.148199200630188,-0.9221230149269104,0.4605681300163269
Residual PPO,1089,3.0,0.2,3.2,True,True,True,0.614410178995051,0.025932553421594708,0.76,4.800000000000001,1.6000000000000005,1.6000000000000005,0.670046329498291,0.5789290070533752,0.006358146667480469,0.006358146667480469,3.8935133488848805e-05,0.05523308366537094,0.006358232814818621,2.233233863080386e-05,-1.8535881042480469,0.5890284776687622,0.37915652990341187
Residual PPO,1090,3.0,0.2,3.2,True,True,True,0.31491787856801096,0.012789937073266588,0.8275,3.45,0.25,0.25,0.2037399560213089,0.16772234439849854,0.0034885406494140625,0.0034885406494140625,4.3629675928968936e-05,0.08064589649438858,0.003502040170133114,1.1774989616242237e-05,-0.9845758080482483,-0.6573527455329895,0.30003631114959717
Residual PPO,1091,3.0,0.2,3.2,True,True,True,0.6219530204017129,0.028259612376831438,0.76,4.800000000000001,1.6000000000000005,1.6000000000000005,0.6630890369415283,0.5734555125236511,0.005690574645996094,0.005690574645996094,4.3853262468473986e-05,0.05622343719005585,0.005690731108188629,3.1845953344600275e-05,-1.8845704793930054,-0.6914018392562866,0.36124923825263977
Residual PPO,1092,3.0,0.2,3.2,True,True,True,0.6116113130740093,0.02454607068634079,0.76,4.800000000000001,1.6000000000000005,1.6000000000000005,0.6363447308540344,0.5490907430648804,0.003916740417480469,0.003916740417480469,4.158839874435216e-05,0.05414720997214317,0.003925045020878315,2.8544831366161816e-05,-1.9696727991104126,-0.2278679758310318,0.31251582503318787
Residual PPO,1093,3.0,0.2,3.2,True,True,True,0.2732769330378346,0.012201553759729753,0.835,3.3000000000000003,0.10000000000000009,0.10000000000000009,0.16606388986110687,0.1330517679452896,0.008182525634765625,0.008182525634765625,2.7819842216558754e-05,0.041239019483327866,0.008186183869838715,1.3406669495452661e-05,-0.8791002631187439,0.07968070358037949,0.43002596497535706
Residual PPO,1094,3.0,0.2,3.2,True,True,True,0.2736872825229337,0.011242753097151016,0.84,3.2,0.0,0.0,0.16191600263118744,0.13991987705230713,0.0016865730285644531,0.0016865730285644531,3.505921995383687e-05,0.05702207610011101,0.0017675587441772223,1.191093360830564e-05,-0.9031349420547485,-0.5643354058265686,0.2514164447784424
Residual PPO,1095,3.0,0.2,3.2,True,True,True,0.38643476195358467,0.014993814040477402,0.8075,3.85,0.6499999999999999,0.6499999999999999,0.29232534766197205,0.23809996247291565,0.0032758712768554688,0.0032758712768554688,4.1011116991285235e-05,0.05600254610180855,0.0032928548753261566,1.3297309124027379e-05,-1.3096781969070435,-0.4019305408000946,0.2943161725997925
Residual PPO,1096,3.0,0.2,3.2,True,True,True,0.23157248463152638,0.008937700593548092,0.85,3.0,0.0,0.0,0.14538583159446716,0.1269608438014984,0.002502918243408203,0.002502918243408203,2.9786524464725517e-05,0.046985700726509094,0.0025395683478564024,1.7362899598083459e-06,-0.5565752387046814,0.7886120080947876,0.27283963561058044
Residual PPO,1097,3.0,0.2,3.2,True,True,True,0.3694331051035007,0.012868991184377867,0.81,3.8000000000000003,0.6000000000000001,0.6000000000000001,0.2687239348888397,0.21471989154815674,0.0025115013122558594,0.0025115013122558594,3.889623621944338e-05,0.05725604295730591,0.002547828247770667,8.896779036149383e-06,-1.3080552816390991,0.037033263593912125,0.27344202995300293
Residual PPO,1098,3.0,0.2,3.2,True,True,True,0.4074543036000312,0.020003450254661218,0.8,4.0,0.7999999999999998,0.7999999999999998,0.37510743737220764,0.3120490610599518,0.009717941284179688,0.009717941284179688,3.3388278097845614e-05,0.054669659584760666,0.009726638905704021,1.5784329661983065e-05,-1.2224541902542114,-0.25077617168426514,0.4742331802845001
Residual PPO,1099,3.0,0.2,3.2,True,True,True,0.6160658200661787,0.026806688637251882,0.7575,4.8500000000000005,1.6500000000000004,1.6500000000000004,0.6857455372810364,0.5940362811088562,0.006012916564941406,0.006012916564941406,3.8392867281800136e-05,0.05385464057326317,0.00601291935890913,2.6693496693042107e-05,-1.9130916595458984,0.09447009861469269,0.36984628438949585
PD+FF,1000,3.0,0.5,3.5,True,True,True,0.39069843466584675,0.04801423931654795,0.73,5.4,1.9000000000000004,1.9000000000000004,0.462350070476532,0.36011192202568054,0.0,0.0,1.5414063454954885e-05,0.051470864564180374,0.00017591146752238274,8.230660750996321e-05,-1.2179213762283325,0.20768369734287262,0.34128254652023315
PD+FF,1001,3.0,0.5,3.5,True,True,True,0.4106842212334973,0.04829280445693335,0.73,5.4,1.9000000000000004,1.9000000000000004,0.4650435149669647,0.36220115423202515,0.0,0.0,1.834071554185357e-05,0.051776450127363205,0.00018142211774829775,8.447924483334646e-05,-1.0811076164245605,-0.9685990810394287,0.25630688667297363
PD+FF,1002,3.0,0.5,3.5,True,True,True,0.4858269921027243,0.06183178966443183,0.7025,5.95,2.45,2.45,0.5953653454780579,0.4637314975261688,0.0,0.0,2.008617047977168e-05,0.06626707315444946,0.0002280484332004562,0.00010565127740846947,-1.428768277168274,-0.28562131524086,0.4242836833000183
PD+FF,1003,3.0,0.5,3.5,True,True,True,0.5692179029742147,0.07163839380415106,0.6875,6.25,2.75,2.75,0.6897895336151123,0.5372768044471741,0.0,0.0,2.7210466214455664e-05,0.0767783597111702,0.0002682419726625085,0.00012519741721916944,-1.7183640003204346,-0.48658838868141174,0.34840381145477295
PD+FF,1004,3.0,0.5,3.5,True,True,True,0.6461241344515405,0.0796922383430857,0.675,6.5,3.0,3.0,0.7673609256744385,0.5976858735084534,0.0,0.0,3.640609793365002e-05,0.08542001247406006,0.00029966715374030173,0.00013954729365650564,-1.998679280281067,-0.7396973967552185,0.24154320359230042
PD+FF,1005,3.0,0.5,3.5,True,True,True,0.6304278198332356,0.07796964614976418,0.6775,6.45,2.95,2.95,0.7507759928703308,0.5847702622413635,0.0,0.0,3.4897624573204666e-05,0.08357242494821548,0.00029322251793928444,0.00013671230408363044,-1.8766711950302124,0.8611240983009338,0.28618520498275757
PD+FF,1006,3.0,0.5,3.5,True,True,True,0.46656657492073234,0.05724934578161642,0.7125,5.75,2.25,2.25,0.5512687563896179,0.4293695390224457,0.0,0.0,2.1672824004781432e-05,0.06136889010667801,0.0001999924425035715,9.41431280807592e-05,-1.4946178197860718,0.20171388983726501,0.28934937715530396
PD+FF,1007,3.0,0.5,3.5,True,True,True,0.6577369312961187,0.0864030718987143,0.6675,6.65,3.1500000000000004,3.1500000000000004,0.8317596912384033,0.6479699611663818,0.0,0.0,3.270924571552314e-05,0.09250633418560028,0.0003115946310572326,0.00014603861200157553,-1.8931626081466675,0.6319606900215149,0.39287856221199036
PD+FF,1008,3.0,0.5,3.5,True,True,True,0.5640282513996603,0.06920299354678133,0.6925,6.15,2.6500000000000004,2.6500000000000004,0.6663757562637329,0.5190257430076599,0.0,0.0,3.0170836907927878e-05,0.07418153434991837,0.00024804373970255256,0.0001163446722785011,-1.749120831489563,0.6261014938354492,0.26522985100746155
PD+FF,1009,3.0,0.5,3.5,True,True,True,0.5887235479922786,0.07220489629192058,0.6875,6.25,2.75,2.75,0.6952757835388184,0.5415353775024414,0.0,0.0,3.188776463503018e-05,0.07739869505167007,0.0002662429469637573,0.00012415932724252343,-1.9152493476867676,-0.3461688160896301,0.2149554342031479
PD+FF,1010,3.0,0.5,3.5,True,True,True,0.6682456837202251,0.09567061203062498,0.6575,6.8500000000000005,3.3500000000000005,3.3500000000000005,0.91945481300354,0.7171615958213806,0.0,0.0,3.195858880644664e-05,0.1016838327050209,0.0003672434249892831,0.0001707447081571445,-1.8575115203857422,0.07161146402359009,0.4753030240535736
PD+FF,1011,3.0,0.5,3.5,True,True,True,0.4840077947463579,0.05923927845691955,0.7075,5.8500000000000005,2.3500000000000005,2.3500000000000005,0.5704355239868164,0.44429755210876465,0.0,0.0,2.3268034055945463e-05,0.06350293755531311,0.0002111910143867135,9.926221537170932e-05,-1.57381272315979,0.12664707005023956,0.26378002762794495
PD+FF,1012,3.0,0.5,3.5,True,True,True,0.4951310486831017,0.06028515287826355,0.7075,5.8500000000000005,2.3500000000000005,2.3500000000000005,0.5805124044418335,0.452144980430603,0.0,0.0,2.481604678905569e-05,0.06462555378675461,0.00022043024364393204,0.00010303040471626446,-1.5405192375183105,0.561293363571167,0.2715309262275696
PD+FF,1013,3.0,0.5,3.5,True,True,True,0.3469543121604396,0.04153408005237836,0.7475,5.050000000000001,1.5500000000000007,1.5500000000000007,0.3999560475349426,0.3115099370479584,0.0,0.0,1.3255648809717968e-05,0.04452814161777496,0.0001608111197128892,7.474003359675407e-05,-0.8082606196403503,-0.8420410752296448,0.401797890663147
PD+FF,1014,3.0,0.5,3.5,True,True,True,0.4694608538515908,0.060706324215601154,0.705,5.9,2.4000000000000004,2.4000000000000004,0.5845150351524353,0.4552913010120392,0.0,0.0,1.801400321710389e-05,0.0650520920753479,0.0002410147717455402,0.00011122038995381445,-1.3467140197753906,0.1714046150445938,0.4693894386291504
PD+FF,1015,3.0,0.5,3.5,True,True,True,0.48402529515561443,0.06106108671926724,0.705,5.9,2.4000000000000004,2.4000000000000004,0.5879669785499573,0.45796433091163635,0.0,0.0,2.0696697902167216e-05,0.06544678658246994,0.00022004728089086711,0.0001030399653245695,-1.4601455926895142,0.21413566172122955,0.39239153265953064
PD+FF,1016,3.0,0.5,3.5,True,True,True,0.5230258618487428,0.0650071876003531,0.6975,6.050000000000001,2.5500000000000007,2.5500000000000007,0.6259652972221375,0.48755505681037903,0.0,0.0,2.489589860488195e-05,0.06968024373054504,0.00024968289653770626,0.0001161300897365436,-1.6580126285552979,-0.11461202055215836,0.3060871958732605
PD+FF,1017,3.0,0.5,3.5,True,True,True,0.2847125727638237,0.03485127214144621,0.765,4.7,1.2000000000000002,1.2000000000000002,0.33560869097709656,0.2613959014415741,0.0,0.0,9.205139576806687e-06,0.037361931055784225,0.00012373340723570436,5.831730959471315e-05,-0.62247234582901,0.6426637768745422,0.4917738139629364
PD+FF,1018,3.0,0.5,3.5,True,True,True,0.3841938333407948,0.04882818803583308,0.73,5.4,1.9000000000000004,1.9000000000000004,0.4701627790927887,0.3662070035934448,0.0,0.0,1.440051073586801e-05,0.05233410745859146,0.00016335885447915643,7.803150947438553e-05,-1.1090368032455444,-0.0900818482041359,0.4614541530609131
PD+FF,1019,3.0,0.5,3.5,True,True,True,0.540357177748758,0.0678473570713205,0.6925,6.15,2.6500000000000004,2.6500000000000004,0.6532923579216003,0.508845865726471,0.0,0.0,2.494689579179976e-05,0.07271823287010193,0.0002403900580247864,0.00011294696014374495,-1.674609661102295,-0.20800989866256714,0.34006524085998535
PD+FF,1020,3.0,0.5,3.5,True,True,True,0.35111834231635736,0.04159070086992834,0.7475,5.050000000000001,1.5500000000000007,1.5500000000000007,0.4005090892314911,0.311939001083374,0.0,0.0,1.3090372704027686e-05,0.04459090158343315,0.00015707852435298264,7.288428605534136e-05,-1.1319496631622314,-0.4326494336128235,0.2227078378200531
PD+FF,1021,3.0,0.5,3.5,True,True,True,0.5567476263790815,0.07288728528695662,0.685,6.300000000000001,2.8000000000000007,2.8000000000000007,0.701676607131958,0.5466119050979614,0.0,0.0,2.5299928893218748e-05,0.07805116474628448,0.0002621991734486073,0.00012269211583770812,-1.4384177923202515,-0.8382971882820129,0.49743902683258057
PD+FF,1022,3.0,0.5,3.5,True,True,True,0.7046456683551344,0.09257108866498248,0.66,6.800000000000001,3.3000000000000007,3.3000000000000007,0.8910955190658569,0.6942225098609924,0.0,0.0,3.7814101233379915e-05,0.0990871712565422,0.0003306579601485282,0.00015520339366048574,-1.999210000038147,0.8368335366249084,0.37694433331489563
PD+FF,1023,3.0,0.5,3.5,True,True,True,0.5623311429022815,0.07299250125862372,0.685,6.300000000000001,2.8000000000000007,2.8000000000000007,0.7027552127838135,0.5474279522895813,0.0,0.0,2.5829429432633333e-05,0.0781870111823082,0.00028465312789194286,0.00013174755440559238,-1.4916963577270508,0.8117974996566772,0.4728805720806122
PD+FF,1024,3.0,0.5,3.5,True,True,True,0.49221298208479497,0.06056405921253592,0.705,5.9,2.4000000000000004,2.4000000000000004,0.5831877589225769,0.45423200726509094,0.0,0.0,2.391008638369385e-05,0.06492117792367935,0.00023410440189763904,0.00010880407353397459,-1.51630699634552,-0.48329436779022217,0.3110935389995575
PD+FF,1025,3.0,0.5,3.5,True,True,True,0.23759675460995047,0.028020125006422862,0.79,4.2,0.7000000000000002,0.7000000000000002,0.2698211073875427,0.21015097200870514,0.0,0.0,6.1625287344213575e-06,0.030041230842471123,0.00010014519648393616,4.694639937952161e-05,-0.7683239579200745,0.258014976978302,0.24864348769187927
PD+FF,1026,3.0,0.5,3.5,True,True,True,0.5395483847222782,0.06644717496014307,0.695,6.1000000000000005,2.6000000000000005,2.6000000000000005,0.6398314237594604,0.4983513057231903,0.0,0.0,2.7319572836859152e-05,0.07122627645730972,0.0002406989806331694,0.00011275091674178839,-1.7438942193984985,0.19023452699184418,0.2583710551261902
PD+FF,1027,3.0,0.5,3.5,True,True,True,0.6523199370163543,0.08573121332963758,0.6675,6.65,3.1500000000000004,3.1500000000000004,0.8253231644630432,0.6429409384727478,0.0,0.0,3.1054994906298816e-05,0.09180016070604324,0.0003168950788676739,0.00014794823073316365,-1.9580382108688354,0.12429128587245941,0.36954861879348755
PD+FF,1028,3.0,0.5,3.5,True,True,True,0.26696541837027077,0.03280354621743708,0.7725,4.55,1.0499999999999998,1.0499999999999998,0.3158770799636841,0.24602718651294708,0.0,0.0,7.542467756138649e-06,0.03516551852226257,0.00012351413897704333,5.680928734363988e-05,-0.7757433652877808,-0.22796711325645447,0.4025936424732208
PD+FF,1029,3.0,0.5,3.5,True,True,True,0.27175595294892263,0.03150386115473774,0.7775,4.45,0.9500000000000002,0.9500000000000002,0.30337977409362793,0.236286923289299,0.0,0.0,8.426347449130844e-06,0.03377844765782356,0.00011421693488955498,5.360913201002404e-05,-0.7448340058326721,0.6458722352981567,0.214758962392807
PD+FF,1030,3.0,0.5,3.5,True,True,True,0.6180058110828759,0.08012321583677998,0.675,6.5,3.0,3.0,0.7713747620582581,0.6008952260017395,0.0,0.0,3.100245157838799e-05,0.0858120247721672,0.000292650714982301,0.00013740514987148345,-1.6447029113769531,-0.9496257901191711,0.4438457489013672
PD+FF,1031,3.0,0.5,3.5,True,True,True,0.39476093490276043,0.047561000189569706,0.7325,5.3500000000000005,1.8500000000000005,1.8500000000000005,0.45799463987350464,0.3567156493663788,0.0,0.0,1.681330832070671e-05,0.0509885810315609,0.0001729532959870994,8.090453047771007e-05,-0.9611496329307556,0.9009804725646973,0.39864641427993774
PD+FF,1032,3.0,0.5,3.5,True,True,True,0.2876711857452696,0.03572447872848073,0.7625,4.75,1.25,1.25,0.34400084614753723,0.26793476939201355,0.0,0.0,9.215666068485007e-06,0.038294557482004166,0.00012246360711287707,5.768470509792678e-05,-0.6833899617195129,-0.5306191444396973,0.49894750118255615
PD+FF,1033,3.0,0.5,3.5,True,True,True,0.33280289081910214,0.04067373098063549,0.75,5.0,1.5,1.5,0.3916639983654022,0.30505579710006714,0.0,0.0,1.2261747542652301e-05,0.04360217601060867,0.00016561376105528325,7.601328252349049e-05,-0.7577928304672241,0.7459949851036072,0.4761985242366791
PD+FF,1034,3.0,0.5,3.5,True,True,True,0.23270201606101973,0.026790114806438618,0.795,4.1000000000000005,0.6000000000000005,0.6000000000000005,0.25798600912094116,0.20093148946762085,0.0,0.0,6.361681698763277e-06,0.02872469834983349,0.00010115934128407389,4.709306813310832e-05,-0.5296080112457275,-0.6777904629707336,0.22327283024787903
PD+FF,1035,3.0,0.5,3.5,True,True,True,0.5210402411016296,0.06737524253117447,0.695,6.1000000000000005,2.6000000000000005,2.6000000000000005,0.6486932039260864,0.5052885413169861,0.0,0.0,2.1475458197528496e-05,0.07218977063894272,0.0002540036803111434,0.00011814127356046811,-1.5201642513275146,-0.23973245918750763,0.436818927526474
PD+FF,1036,3.0,0.5,3.5,True,True,True,0.524325407157748,0.06516691519461448,0.6975,6.050000000000001,2.5500000000000007,2.5500000000000007,0.627497136592865,0.4887486398220062,0.0,0.0,2.545925963204354e-05,0.06985042989253998,0.0002441249234834686,0.00011383373202988878,-1.558912754058838,0.6018440127372742,0.34900519251823425
PD+FF,1037,3.0,0.5,3.5,True,True,True,0.5065143320336404,0.06374346691478051,0.7,6.0,2.5,2.5,0.6137804985046387,0.4780704081058502,0.0,0.0,2.248733835585881e-05,0.06831996887922287,0.00023620649881195277,0.00011027117579942569,-1.5164998769760132,-0.3818822205066681,0.38270920515060425
PD+FF,1038,3.0,0.5,3.5,True,True,True,0.5192734329414237,0.06351324690192843,0.7,6.0,2.5,2.5,0.6115851998329163,0.4763493537902832,0.0,0.0,2.7001611670129932e-05,0.06808307766914368,0.00023138514370657504,0.0001083037059288472,-1.5098652839660645,-0.8029577136039734,0.31811848282814026
PD+FF,1039,3.0,0.5,3.5,True,True,True,0.22829579539742714,0.02779383891941153,0.79,4.2,0.7000000000000002,0.7000000000000002,0.26764148473739624,0.20845618844032288,0.0,0.0,5.5462264754169155e-06,0.029796693474054337,0.0001135619095293805,5.2308667363831773e-05,-0.6960156559944153,-0.0387578122317791,0.3661683201789856
PD+FF,1040,3.0,0.5,3.5,True,True,True,0.2938098994295386,0.03563907675197918,0.7625,4.75,1.25,1.25,0.34318187832832336,0.2672926187515259,0.0,0.0,9.4447123046848e-06,0.03820611909031868,0.0001368505909340456,6.435159593820572e-05,-0.7547146081924438,0.5635512471199036,0.4134989380836487
PD+FF,1041,3.0,0.5,3.5,True,True,True,0.23973730594817694,0.029963924964328523,0.7825,4.3500000000000005,0.8500000000000005,0.8500000000000005,0.28854504227638245,0.2247411459684372,0.0,0.0,6.253165793168591e-06,0.03212133049964905,0.00012196729949209839,5.611011147266254e-05,-0.6478168964385986,-0.19675222039222717,0.46515655517578125
PD+FF,1042,3.0,0.5,3.5,True,True,True,0.48090988806482665,0.060292010475911394,0.7075,5.8500000000000005,2.3500000000000005,2.3500000000000005,0.5805562138557434,0.4521891176700592,0.0,0.0,2.1170058971620165e-05,0.06462376564741135,0.00022101917420513928,0.00010336122795706615,-1.463887333869934,-0.25558269023895264,0.3728010952472687
PD+FF,1043,3.0,0.5,3.5,True,True,True,0.5931506607175283,0.07357780864247257,0.685,6.300000000000001,2.8000000000000007,2.8000000000000007,0.7084802985191345,0.5518270134925842,0.0,0.0,3.1244482670444995e-05,0.07886399328708649,0.00026507675647735596,0.00012432689254637808,-1.7490100860595703,-0.7958716750144958,0.31946444511413574
PD+FF,1044,3.0,0.5,3.5,True,True,True,0.6299936540899344,0.07705090596331858,0.68,6.4,2.9000000000000004,2.9000000000000004,0.7419450283050537,0.5778845548629761,0.0,0.0,3.641649891505949e-05,0.08259422332048416,0.0002833656326401979,0.00013238111569080502,-1.981444239616394,0.7169352173805237,0.20961801707744598
PD+FF,1045,3.0,0.5,3.5,True,True,True,0.26787135381609256,0.03275641397213203,0.7725,4.55,1.0499999999999998,1.0499999999999998,0.3154180347919464,0.2456684708595276,0.0,0.0,7.76422348280903e-06,0.035115037113428116,0.00011921831901418045,5.6560103985248134e-05,-0.7272861003875732,-0.39523494243621826,0.4158290922641754
PD+FF,1046,3.0,0.5,3.5,True,True,True,0.6497612719806652,0.08524841437420641,0.67,6.6000000000000005,3.1000000000000005,3.1000000000000005,0.8206747174263,0.6393269300460815,0.0,0.0,3.2052139431471005e-05,0.0912783220410347,0.00031146881519816816,0.0001456888858228922,-1.868130087852478,0.6265861392021179,0.39649125933647156
PD+FF,1047,3.0,0.5,3.5,True,True,True,0.3635239151425061,0.044097339268187576,0.74,5.2,1.7000000000000002,1.7000000000000002,0.42463231086730957,0.33073168992996216,0.0,0.0,1.3488822332874406e-05,0.04727383702993393,0.0001667019387241453,7.772397657390684e-05,-1.1699552536010742,-0.14992530643939972,0.29876548051834106
PD+FF,1048,3.0,0.5,3.5,True,True,True,0.37751585523591796,0.04665913815280435,0.735,5.300000000000001,1.8000000000000007,1.8000000000000007,0.44928285479545593,0.3499373495578766,0.0,0.0,1.5394785805256106e-05,0.050014182925224304,0.00015833289944566786,7.497420301660895e-05,-0.9076822996139526,-0.7630760073661804,0.4824531674385071
PD+FF,1049,3.0,0.5,3.5,True,True,True,0.5505755076868306,0.07197712901394318,0.6875,6.25,2.75,2.75,0.6929853558540344,0.5398115515708923,0.0,0.0,2.304898043803405e-05,0.07710408419370651,0.00026340357726439834,0.00012349964526947588,-1.6127384901046753,0.09402617067098618,0.43331217765808105
PD+FF,1050,3.0,0.5,3.5,True,True,True,0.4558399825252515,0.059027557428110985,0.7075,5.8500000000000005,2.3500000000000005,2.3500000000000005,0.5683473348617554,0.44269952178001404,0.0,0.0,1.7432947061024606e-05,0.06325169652700424,0.00021789557649753988,0.00010162943362956867,-1.2507070302963257,-0.40418457984924316,0.49881017208099365
PD+FF,1051,3.0,0.5,3.5,True,True,True,0.2954486549807646,0.034677049052448485,0.765,4.7,1.2000000000000002,1.2000000000000002,0.3339252173900604,0.26007866859436035,0.0,0.0,9.673436579760164e-06,0.03717845678329468,0.00012871624494437128,6.015960389049724e-05,-0.8433747291564941,-0.6024307608604431,0.2584548592567444
PD+FF,1052,3.0,0.5,3.5,True,True,True,0.5007915222868081,0.06234594828843551,0.7025,5.95,2.45,2.45,0.6003453731536865,0.4676002264022827,0.0,0.0,2.3176722606876865e-05,0.06682820618152618,0.00022367040219251066,0.00010494969319552183,-1.577463150024414,-0.03658809885382652,0.32490968704223633
PD+FF,1053,3.0,0.5,3.5,True,True,True,0.2755668233072418,0.03405572907973539,0.7675,4.65,1.1500000000000004,1.1500000000000004,0.3279304504394531,0.25541675090789795,0.0,0.0,8.214398803829681e-06,0.03650642931461334,0.0001162569024018012,5.4752948926761746e-05,-0.7320424914360046,-0.38764455914497375,0.44851720333099365
PD+FF,1054,3.0,0.5,3.5,True,True,True,0.6599493722756826,0.08481655418340535,0.67,6.6000000000000005,3.1000000000000005,3.1000000000000005,0.8166049718856812,0.6360982656478882,0.0,0.0,3.365220982232131e-05,0.0908641368150711,0.00030318505014292896,0.00014214117254596204,-1.9604523181915283,0.6108824014663696,0.3443475067615509
PD+FF,1055,3.0,0.5,3.5,True,True,True,0.33739673839660667,0.04017137350392008,0.75,5.0,1.5,1.5,0.38683149218559265,0.3012867271900177,0.0,0.0,1.2562611118482891e-05,0.04306760057806969,0.00014203602040652186,6.674388714600354e-05,-0.8035520911216736,-0.8197364807128906,0.37500709295272827
PD+FF,1056,3.0,0.5,3.5,True,True,True,0.2774865141034343,0.03253123219024499,0.7725,4.55,1.0499999999999998,1.0499999999999998,0.3132621645927429,0.24398468434810638,0.0,0.0,8.772282853897195e-06,0.03487814962863922,0.00012301764218136668,5.727259849663824e-05,-0.6173267960548401,-0.7547652125358582,0.33817118406295776
PD+FF,1057,3.0,0.5,3.5,True,True,True,0.43561280652203316,0.05339041054132585,0.72,5.6000000000000005,2.1000000000000005,2.1000000000000005,0.5141234993934631,0.4004368782043457,0.0,0.0,1.894663910206873e-05,0.0572345033288002,0.00019408554362598807,9.090305684367195e-05,-1.4013786315917969,-0.020997419953346252,0.2980625629425049
PD+FF,1058,3.0,0.5,3.5,True,True,True,0.6546696863226956,0.08364823678692561,0.67,6.6000000000000005,3.1000000000000005,3.1000000000000005,0.8053792715072632,0.6273420453071594,0.0,0.0,3.373337312950753e-05,0.0896228775382042,0.0003128861717414111,0.0001459448685636744,-1.9344123601913452,-0.6835842132568359,0.34246277809143066
PD+FF,1059,3.0,0.5,3.5,True,True,True,0.42782174046118565,0.052545478285386533,0.7225,5.550000000000001,2.0500000000000007,2.0500000000000007,0.5059767961502075,0.3940926790237427,0.0,0.0,1.8458886188454926e-05,0.05632695555686951,0.00020131029305048287,9.363652497995645e-05,-1.3239208459854126,-0.34795770049095154,0.3298633396625519
PD+FF,1060,3.0,0.5,3.5,True,True,True,0.2907008627479676,0.03474674959660667,0.765,4.7,1.2000000000000002,1.2000000000000002,0.33459270000457764,0.2606009542942047,0.0,0.0,9.792655873752665e-06,0.037251148372888565,0.0001362810144200921,6.298797234194353e-05,-0.5232435464859009,-0.8263487219810486,0.4775193929672241
PD+FF,1061,3.0,0.5,3.5,True,True,True,0.3310274627946027,0.03992774858229677,0.75,5.0,1.5,1.5,0.38448455929756165,0.2994605004787445,0.0,0.0,1.1298549907223787e-05,0.042805228382349014,0.00014343914517667145,6.720623787259683e-05,-1.0766786336898804,0.09924349933862686,0.28927016258239746
PD+FF,1062,3.0,0.5,3.5,True,True,True,0.383362355267344,0.04723527979729181,0.7325,5.3500000000000005,1.8500000000000005,1.8500000000000005,0.45483309030532837,0.3542591333389282,0.0,0.0,1.5506313502555713e-05,0.050632838159799576,0.00017640787700656801,8.218541188398376e-05,-1.020176649093628,-0.6513675451278687,0.4292861223220825
PD+FF,1063,3.0,0.5,3.5,True,True,True,0.23171726925865582,0.027000990344657624,0.7925,4.15,0.6500000000000004,0.6500000000000004,0.26000916957855225,0.2025081068277359,0.0,0.0,6.19614638708299e-06,0.028949350118637085,0.00010517428017919883,4.886645547230728e-05,-0.5567145943641663,0.6067063212394714,0.2895512878894806
PD+FF,1064,3.0,0.5,3.5,True,True,True,0.4914784812670745,0.05993529986508939,0.7075,5.8500000000000005,2.3500000000000005,2.3500000000000005,0.5771425366401672,0.4495202302932739,0.0,0.0,2.4040609787334688e-05,0.06425045430660248,0.0002236350264865905,0.00010436656884849072,-1.6129041910171509,-0.13716638088226318,0.24278511106967926
PD+FF,1065,3.0,0.5,3.5,True,True,True,0.2401179206949271,0.028926835342732656,0.785,4.3,0.7999999999999998,0.7999999999999998,0.27855363488197327,0.21695521473884583,0.0,0.0,6.688630946882768e-06,0.031011564657092094,0.00010126986308023334,4.783343320013955e-05,-0.5033138990402222,-0.5932050347328186,0.453745573759079
PD+FF,1066,3.0,0.5,3.5,True,True,True,0.4146241588660464,0.04954518786800181,0.7275,5.45,1.9500000000000002,1.9500000000000002,0.4770963788032532,0.37159138917922974,0.0,0.0,1.773603980836924e-05,0.053116485476493835,0.00018447315960656852,8.649155643070117e-05,-1.3762075901031494,0.32575497031211853,0.20805609226226807
PD+FF,1067,3.0,0.5,3.5,True,True,True,0.2940453749557134,0.033795009369959786,0.77,4.6000000000000005,1.1000000000000005,1.1000000000000005,0.3254373371601105,0.2534656226634979,0.0,0.0,1.0014523468271364e-05,0.03623490780591965,0.00012252337182871997,5.713064456358552e-05,-0.6176835894584656,0.9055254459381104,0.20151829719543457
PD+FF,1068,3.0,0.5,3.5,True,True,True,0.26874837192636525,0.03146952763918022,0.7775,4.45,0.9500000000000002,0.9500000000000002,0.3030467629432678,0.23602843284606934,0.0,0.0,8.065555448411033e-06,0.03374079242348671,0.00011932602501474321,5.552762740990147e-05,-0.7787961959838867,0.5352519750595093,0.25048118829727173
PD+FF,1069,3.0,0.5,3.5,True,True,True,0.2657656742854544,0.03058417140278108,0.78,4.4,0.9000000000000004,0.9000000000000004,0.29451513290405273,0.22938184440135956,0.0,0.0,8.239691851485986e-06,0.03279200568795204,0.00011398236529203132,5.312598659656942e-05,-0.5076419115066528,0.8446078896522522,0.24751581251621246
PD+FF,1070,3.0,0.5,3.5,True,True,True,0.5610608700644386,0.06753624541565248,0.695,6.1000000000000005,2.6000000000000005,2.6000000000000005,0.6503316164016724,0.5065220594406128,0.0,0.0,3.235453550587408e-05,0.07240023463964462,0.0002527190081309527,0.0001176524383481592,-1.6644020080566406,0.9533751606941223,0.22921264171600342
PD+FF,1071,3.0,0.5,3.5,True,True,True,0.5405656189860257,0.06586181539613088,0.6975,6.050000000000001,2.5500000000000007,2.5500000000000007,0.634203314781189,0.4939640760421753,0.0,0.0,2.9110915420460515e-05,0.07060220092535019,0.00024748133728280663,0.00011527803872013465,-1.6379417181015015,0.7469041347503662,0.26974478363990784
PD+FF,1072,3.0,0.5,3.5,True,True,True,0.4329114885574154,0.05512011570294791,0.715,5.7,2.2,2.2,0.5307415723800659,0.4133938252925873,0.0,0.0,1.6970907381619327e-05,0.05907551571726799,0.00021247267432045192,9.850223432295024e-05,-1.22187077999115,0.3675197660923004,0.4661308228969574
PD+FF,1073,3.0,0.5,3.5,True,True,True,0.5417054591721062,0.06728135853286202,0.695,6.1000000000000005,2.6000000000000005,2.6000000000000005,0.6478607654571533,0.5046113729476929,0.0,0.0,2.712118293857202e-05,0.07211615145206451,0.00024407031014561653,0.00011432937753852457,-1.5133368968963623,0.8512749075889587,0.3800120949745178
PD+FF,1074,3.0,0.5,3.5,True,True,True,0.20836574273252728,0.02608944965634036,0.7975,4.05,0.5499999999999998,0.5499999999999998,0.2512163519859314,0.19566676020622253,0.0,0.0,4.9934442358789966e-06,0.02796584740281105,7.956824265420437e-05,3.830079367617145e-05,-0.5001789927482605,-0.2884053587913513,0.4962819218635559
PD+FF,1075,3.0,0.5,3.5,True,True,True,0.3446738315447904,0.040004380638626984,0.75,5.0,1.5,1.5,0.385234534740448,0.30003926157951355,0.0,0.0,1.3368370673561003e-05,0.04289225488901138,0.00014650123193860054,6.847050826763734e-05,-0.8189709782600403,0.9466501474380493,0.23914383351802826
PD+FF,1076,3.0,0.5,3.5,True,True,True,0.5168725021705949,0.06638394748961993,0.695,6.1000000000000005,2.6000000000000005,2.6000000000000005,0.6391679644584656,0.49786391854286194,0.0,0.0,2.2156493287184276e-05,0.0711330845952034,0.00025137708871625364,0.0001168280650745146,-1.445397138595581,-0.562984049320221,0.45283621549606323
PD+FF,1077,3.0,0.5,3.5,True,True,True,0.2961404283392436,0.0342648804270953,0.7675,4.65,1.1500000000000004,1.1500000000000004,0.32996565103530884,0.256992906332016,0.0,0.0,1.0060633030661847e-05,0.036738768219947815,0.0001257616386283189,5.873692862223834e-05,-0.6151338219642639,-0.8893533945083618,0.2694230377674103
PD+FF,1078,3.0,0.5,3.5,True,True,True,0.26137306275141653,0.030263711559310524,0.78,4.4,0.9000000000000004,0.9000000000000004,0.2914358973503113,0.22698406875133514,0.0,0.0,7.862826350901742e-06,0.03244882449507713,0.00011076051305280998,5.176950435270555e-05,-0.6580581068992615,-0.6858707666397095,0.23459486663341522
PD+FF,1079,3.0,0.5,3.5,True,True,True,0.3142722462216888,0.037788735111093645,0.7575,4.8500000000000005,1.3500000000000005,1.3500000000000005,0.3638764023780823,0.2834097743034363,0.0,0.0,1.13103042167495e-05,0.04051072895526886,0.0001283882447751239,6.098671292420477e-05,-0.5874135494232178,0.8651593327522278,0.4896434247493744
PD+FF,1080,3.0,0.5,3.5,True,True,True,0.2785549907422659,0.03293866119079329,0.7725,4.55,1.0499999999999998,1.0499999999999998,0.31719303131103516,0.24704712629318237,0.0,0.0,8.775073183642235e-06,0.03531520068645477,0.00011978132533840835,5.6145767302950844e-05,-0.6397119164466858,0.7102972865104675,0.367546945810318
PD+FF,1081,3.0,0.5,3.5,True,True,True,0.46963939358844975,0.05656518523111105,0.7125,5.75,2.25,2.25,0.5446856617927551,0.42423707246780396,0.0,0.0,2.3024611436994746e-05,0.06063931807875633,0.00020289311942178756,9.512293036095798e-05,-1.3320256471633911,0.8601993322372437,0.3006768822669983
PD+FF,1082,3.0,0.5,3.5,True,True,True,0.30796658605209265,0.03707596139024155,0.76,4.800000000000001,1.3000000000000007,1.3000000000000007,0.35701480507850647,0.2780655026435852,0.0,0.0,9.954141205525957e-06,0.03974699229001999,0.0001286497717956081,6.079726153984666e-05,-0.9581221342086792,-0.30673766136169434,0.3117980659008026
PD+FF,1083,3.0,0.5,3.5,True,True,True,0.44373932459585247,0.052899550527988615,0.72,5.6000000000000005,2.1000000000000005,2.1000000000000005,0.5093997716903687,0.39675113558769226,0.0,0.0,2.058262180071324e-05,0.05671298876404762,0.00019544413953553885,9.104885248234496e-05,-1.3940625190734863,0.6289385557174683,0.21643398702144623
PD+FF,1084,3.0,0.5,3.5,True,True,True,0.34034852083690936,0.040519979031801046,0.75,5.0,1.5,1.5,0.3901953101158142,0.3039066195487976,0.0,0.0,1.2896983207610901e-05,0.043442126363515854,0.00015605530643370003,7.271252252394333e-05,-0.7371216416358948,-0.8951173424720764,0.4071005880832672
PD+FF,1085,3.0,0.5,3.5,True,True,True,0.2473024371206214,0.030546774086439694,0.78,4.4,0.9000000000000004,0.9000000000000004,0.29413896799087524,0.22909589111804962,0.0,0.0,6.48507784717367e-06,0.03274546191096306,0.00011574980453588068,5.40189903404098e-05,-0.7224554419517517,-0.08529454469680786,0.4138740301132202
PD+FF,1086,3.0,0.5,3.5,True,True,True,0.31618557683592574,0.038315374590159205,0.755,4.9,1.4000000000000004,1.4000000000000004,0.3689526319503784,0.287365198135376,0.0,0.0,1.1049722161260433e-05,0.041074905544519424,0.00013446829689200968,6.311919423751533e-05,-0.7490203976631165,-0.7008727788925171,0.4387705326080322
PD+FF,1087,3.0,0.5,3.5,True,True,True,0.45859837960264505,0.05539520181595404,0.715,5.7,2.2,2.2,0.5334138870239258,0.4154590666294098,0.0,0.0,2.2000078388373367e-05,0.05938385799527168,0.00019706373859662563,9.249275899492204e-05,-1.2718281745910645,-0.8616007566452026,0.3274095356464386
PD+FF,1088,3.0,0.5,3.5,True,True,True,0.46278448605586936,0.05733119022837149,0.7125,5.75,2.25,2.25,0.5520533323287964,0.4299852252006531,0.0,0.0,2.1648924303008243e-05,0.061453185975551605,0.0002096464013447985,9.833223884925246e-05,-1.148199200630188,-0.9221230149269104,0.4605681300163269
PD+FF,1089,3.0,0.5,3.5,True,True,True,0.6344658066431879,0.08214719384486219,0.6725,6.550000000000001,3.0500000000000007,3.0500000000000007,0.7908822894096375,0.6160743832588196,0.0,0.0,3.104104325757362e-05,0.08799358457326889,0.00029289492522366345,0.00013759509602095932,-1.8535881042480469,0.5890284776687622,0.37915652990341187
PD+FF,1090,3.0,0.5,3.5,True,True,True,0.3469636780465132,0.04127291225465355,0.7475,5.050000000000001,1.5500000000000007,1.5500000000000007,0.39744672179222107,0.3095546066761017,0.0,0.0,1.2984884051547851e-05,0.04424937441945076,0.00014958124666009098,7.013374852249399e-05,-0.9845758080482483,-0.6573527455329895,0.30003631114959717
PD+FF,1091,3.0,0.5,3.5,True,True,True,0.645043808933535,0.08276008532155547,0.6725,6.550000000000001,3.0500000000000007,3.0500000000000007,0.7968240976333618,0.6206859946250916,0.0,0.0,3.265845589339733e-05,0.08866576105356216,0.00031123755616135895,0.0001450562704121694,-1.8845704793930054,-0.6914018392562866,0.36124923825263977
PD+FF,1092,3.0,0.5,3.5,True,True,True,0.6345350177039106,0.08071010819584717,0.675,6.5,3.0,3.0,0.7771168351173401,0.6053129434585571,0.0,0.0,3.116469088126905e-05,0.08648741245269775,0.0003047083446290344,0.00014210137305781245,-1.9696727991104126,-0.2278679758310318,0.31251582503318787
PD+FF,1093,3.0,0.5,3.5,True,True,True,0.30058676980381127,0.037488176104894855,0.7575,4.8500000000000005,1.3500000000000005,1.3500000000000005,0.36098620295524597,0.28116410970687866,0.0,0.0,9.364035577164032e-06,0.04018547758460045,0.00013758974091615528,6.342359847621992e-05,-0.8791002631187439,0.07968070358037949,0.43002596497535706
PD+FF,1094,3.0,0.5,3.5,True,True,True,0.30510606569564325,0.035893529817569644,0.7625,4.75,1.25,1.25,0.34563690423965454,0.2692001760005951,0.0,0.0,1.0214485882897861e-05,0.0384824313223362,0.0001334701373707503,6.225833931239322e-05,-0.9031349420547485,-0.5643354058265686,0.2514164447784424
PD+FF,1095,3.0,0.5,3.5,True,True,True,0.41774623053352095,0.05073970096859747,0.725,5.5,2.0,2.0,0.4885913133621216,0.3805482089519501,0.0,0.0,1.779802914825268e-05,0.054393697530031204,0.00018059629655908793,8.478453673887998e-05,-1.3096781969070435,-0.4019305408000946,0.2943161725997925
PD+FF,1096,3.0,0.5,3.5,True,True,True,0.26459013056981645,0.030606721000902247,0.78,4.4,0.9000000000000004,0.9000000000000004,0.29473572969436646,0.22955410182476044,0.0,0.0,8.109097507258411e-06,0.03281628340482712,0.00010892806312767789,5.119730485603213e-05,-0.5565752387046814,0.7886120080947876,0.27283963561058044
PD+FF,1097,3.0,0.5,3.5,True,True,True,0.3996943287818186,0.04848351317969583,0.73,5.4,1.9000000000000004,1.9000000000000004,0.466866672039032,0.3636271357536316,0.0,0.0,1.615905057406053e-05,0.05197544023394585,0.00016932289872784168,7.9712612205185e-05,-1.3080552816390991,0.037033263593912125,0.27344202995300293
PD+FF,1098,3.0,0.5,3.5,True,True,True,0.43023899108362423,0.055103061068245494,0.715,5.7,2.2,2.2,0.5305724740028381,0.4132652282714844,0.0,0.0,1.6306516045005992e-05,0.05905475094914436,0.0001878650364233181,8.891187462722883e-05,-1.2224541902542114,-0.25077617168426514,0.4742331802845001
PD+FF,1099,3.0,0.5,3.5,True,True,True,0.6351534017117187,0.08295954633661477,0.6725,6.550000000000001,3.0500000000000007,3.0500000000000007,0.7986903190612793,0.6221706867218018,0.0,0.0,2.976785253849812e-05,0.08885299414396286,0.0003024812904186547,0.00014145996829029173,-1.9130916595458984,0.09447009861469269,0.36984628438949585
Direct PPO,1000,3.0,0.5,3.5,True,True,True,0.34484376719265364,0.005259510063402611,0.8475,3.0500000000000003,0.0,0.0,0.05784634128212929,0.029510105028748512,0.005287647247314453,0.005287647247314453,0.002883017295971513,0.5646498799324036,0.005366158206015825,5.126011274114717e-06,-1.2179213762283325,0.20768369734287262,0.34128254652023315
Direct PPO,1001,3.0,0.5,3.5,True,True,True,0.3404257045871113,0.0031047632227958993,0.8675,2.6500000000000004,0.0,0.0,0.05880317464470863,0.03245539590716362,0.006179869174957275,0.0011944770812988281,0.0031181543599814177,0.555042564868927,0.0023882368113845587,1.4916091117811447e-07,-1.0811076164245605,-0.9685990810394287,0.25630688667297363
Direct PPO,1002,3.0,0.5,3.5,True,True,True,0.4532850404309768,0.015232286351682328,0.775,4.65,1.1500000000000004,1.1500000000000004,0.3039841651916504,0.1501532644033432,0.1492319107055664,0.1492319107055664,0.007600913289934397,1.40235435962677,0.008450531400740147,3.2365351216867566e-06,-1.428768277168274,-0.28562131524086,0.4242836833000183
Direct PPO,1003,3.0,0.5,3.5,True,True,True,0.5308438991841774,0.014829557248032586,0.755,4.9,1.4000000000000004,1.4000000000000004,0.3611040413379669,0.18189135193824768,0.181488037109375,0.181488037109375,0.007642814889550209,1.378968596458435,0.005647026933729649,7.782220450280875e-07,-1.7183640003204346,-0.48658838868141174,0.34840381145477295
Direct PPO,1004,3.0,0.5,3.5,True,True,True,0.6010748171376287,0.024786537472490905,0.72,5.6000000000000005,2.1000000000000005,2.1000000000000005,0.3155684769153595,0.36651611328125,0.3665158748626709,0.3665158748626709,0.012378971092402935,2.0002753734588623,0.0022819729056209326,7.777022688060242e-07,-1.998679280281067,-0.7396973967552185,0.24154320359230042
Direct PPO,1005,3.0,0.5,3.5,True,True,True,0.581555967827132,0.01753380282935347,0.7325,5.3500000000000005,1.8500000000000005,1.8500000000000005,0.3354339003562927,0.2929641604423523,0.2924082279205322,0.2924082279205322,0.011621744371950626,1.9234569072723389,0.003199182450771332,3.662885887933953e-07,-1.8766711950302124,0.8611240983009338,0.28618520498275757
Direct PPO,1006,3.0,0.5,3.5,True,True,True,0.41902791468486383,0.0034457531589967916,0.835,3.3000000000000003,0.0,0.0,0.08004020154476166,0.026535114273428917,0.0036191940307617188,0.0036191940307617188,0.003761608386412263,0.5753740668296814,0.0033134121913462877,2.0265579223632812e-06,-1.4946178197860718,0.20171388983726501,0.28934937715530396
Direct PPO,1007,3.0,0.5,3.5,True,True,True,0.624919696224835,0.010004545890254573,0.785,4.3,0.7999999999999998,0.7999999999999998,0.6727544665336609,0.3700621724128723,0.007356166839599609,0.007356166839599609,0.002347775036469102,0.4268088936805725,0.007356615271419287,1.6115736798383296e-06,-1.8931626081466675,0.6319606900215149,0.39287856221199036
Direct PPO,1008,3.0,0.5,3.5,True,True,True,0.5105314902809478,0.0032229415038511336,0.8175,3.6500000000000004,0.15000000000000036,0.15000000000000036,0.17790129780769348,0.05046932026743889,0.009874463081359863,0.009874463081359863,0.006532700732350349,1.0808123350143433,0.0025664805434644222,1.0132811212315573e-06,-1.749120831489563,0.6261014938354492,0.26522985100746155
Direct PPO,1009,3.0,0.5,3.5,True,True,True,0.5384218327254976,0.003052521124251857,0.8175,3.6500000000000004,0.15000000000000036,0.15000000000000036,0.17802023887634277,0.04377848282456398,0.035452306270599365,0.035452306270599365,0.006191992666572332,1.0189231634140015,0.0027452679350972176,1.822406488827255e-06,-1.9152493476867676,-0.3461688160896301,0.2149554342031479
Direct PPO,1010,3.0,0.5,3.5,True,True,True,0.6519123015387844,0.01915914302701807,0.7625,4.75,1.25,1.25,0.8874287009239197,0.6255257725715637,0.009840965270996094,0.009840965270996094,0.0011234700214117765,0.23625533282756805,0.009961697272956371,1.039973881233891e-06,-1.8575115203857422,0.07161146402359009,0.4753030240535736
Direct PPO,1011,3.0,0.5,3.5,True,True,True,0.43573885624904685,0.002783119421398005,0.8325,3.35,0.0,0.0,0.07697644829750061,0.028852803632616997,0.014268815517425537,0.014268815517425537,0.0041771503165364265,0.5990148782730103,0.0025326949544250965,8.046661150729051e-07,-1.57381272315979,0.12664707005023956,0.26378002762794495
Direct PPO,1012,3.0,0.5,3.5,True,True,True,0.43921531625315463,0.003036170964217097,0.835,3.3000000000000003,0.0,0.0,0.08523205667734146,0.03393416851758957,0.008143782615661621,0.008143782615661621,0.00401071785017848,0.6276106238365173,0.002732535358518362,2.9802447443216806e-06,-1.5405192375183105,0.561293363571167,0.2715309262275696
Direct PPO,1013,3.0,0.5,3.5,True,True,True,0.2857856497972231,0.007126767846591372,0.8725,2.5500000000000003,0.0,0.0,0.060763806104660034,0.030970044434070587,0.007666587829589844,0.007666587829589844,0.0024821297265589237,0.4113115668296814,0.007666989229619503,7.987043318280485e-06,-0.8082606196403503,-0.8420410752296448,0.401797890663147
Direct PPO,1014,3.0,0.5,3.5,True,True,True,0.44281866794914554,0.011485905095255818,0.7975,4.05,0.5499999999999998,0.5499999999999998,0.361014187335968,0.10566116124391556,0.04331207275390625,0.04331207275390625,0.0052140215411782265,0.9524904489517212,0.009804428555071354,3.728917477019422e-07,-1.3467140197753906,0.1714046150445938,0.4693894386291504
Direct PPO,1015,3.0,0.5,3.5,True,True,True,0.4499594356734773,0.014033456568618687,0.7675,4.65,1.1500000000000004,1.1500000000000004,0.24372084438800812,0.15953989326953888,0.15820646286010742,0.15820646286010742,0.00890858843922615,1.6849219799041748,0.007343375589698553,5.662926014338154e-06,-1.4601455926895142,0.21413566172122955,0.39239153265953064
Direct PPO,1016,3.0,0.5,3.5,True,True,True,0.4813051914985547,0.004792126758708826,0.8125,3.75,0.25,0.25,0.19333437085151672,0.045791707932949066,0.024068117141723633,0.024068117141723633,0.006587579846382141,1.2734025716781616,0.003946023061871529,1.7882754832498904e-07,-1.6580126285552979,-0.11461202055215836,0.3060871958732605
Direct PPO,1017,3.0,0.5,3.5,True,True,True,0.23553001144457714,0.01046781477606718,0.865,2.7,0.0,0.0,0.0889614075422287,0.05171968787908554,0.01020050048828125,0.01020050048828125,0.0009128980454988778,0.1889752745628357,0.01037973165512085,2.563255293352995e-06,-0.62247234582901,0.6426637768745422,0.4917738139629364
Direct PPO,1018,3.0,0.5,3.5,True,True,True,0.3504670296234987,0.009535212672972719,0.82,3.6,0.10000000000000009,0.10000000000000009,0.14502400159835815,0.060478076338768005,0.009504318237304688,0.009504318237304688,0.002529815537855029,0.6362050175666809,0.009585403837263584,6.709250044423243e-08,-1.1090368032455444,-0.0900818482041359,0.4614541530609131
Direct PPO,1019,3.0,0.5,3.5,True,True,True,0.5059144674606219,0.016823576263621704,0.7425,5.15,1.6500000000000004,1.6500000000000004,0.29301270842552185,0.26137232780456543,0.2610969543457031,0.2610969543457031,0.011447286233305931,1.9030722379684448,0.005319187417626381,6.974231837375555e-06,-1.674609661102295,-0.20800989866256714,0.34006524085998535
Direct PPO,1020,3.0,0.5,3.5,True,True,True,0.290603082389135,0.0026380864084006657,0.8675,2.6500000000000004,0.0,0.0,0.015634819865226746,0.008528917096555233,0.021298885345458984,0.006094515323638916,0.003309172810986638,0.6589163541793823,0.0025317424442619085,8.644683475722559e-07,-1.1319496631622314,-0.4326494336128235,0.2227078378200531
Direct PPO,1021,3.0,0.5,3.5,True,True,True,0.5216326300282625,0.013815519972674047,0.795,4.1000000000000005,0.6000000000000005,0.6000000000000005,0.5358088612556458,0.2850377559661865,0.01030731201171875,0.01030731201171875,0.0008079638355411589,0.19484014809131622,0.01051013357937336,2.6035075961772236e-07,-1.4384177923202515,-0.8382971882820129,0.49743902683258057
Direct PPO,1022,3.0,0.5,3.5,True,True,True,0.6676283584512033,0.00947087035847573,0.78,4.4,0.9000000000000004,0.9000000000000004,0.7304788827896118,0.41937464475631714,0.006756305694580078,0.006756305694580078,0.0024867861066013575,0.4731791615486145,0.006765552796423435,3.8154239518917166e-06,-1.999210000038147,0.8368335366249084,0.37694433331489563
Direct PPO,1023,3.0,0.5,3.5,True,True,True,0.5256425095928586,0.012896550507008523,0.7975,4.05,0.5499999999999998,0.5499999999999998,0.5179135799407959,0.2564542591571808,0.009784698486328125,0.009784698486328125,0.0010953615419566631,0.2319813370704651,0.009897854179143906,7.848543077670911e-07,-1.4916963577270508,0.8117974996566772,0.4728805720806122
Direct PPO,1024,3.0,0.5,3.5,True,True,True,0.4418037401689235,0.004060437986588817,0.825,3.5,0.0,0.0,0.10998379439115524,0.02043968066573143,0.003933906555175781,0.003933906555175781,0.005156457424163818,0.764312207698822,0.004143768921494484,2.995432879515647e-08,-1.51630699634552,-0.48329436779022217,0.3110935389995575
Direct PPO,1025,3.0,0.5,3.5,True,True,True,0.18844896300546346,0.0021770265499405253,0.89,2.2,0.0,0.0,0.024773646146059036,0.012495920993387699,0.0010894536972045898,0.0010894536972045898,0.0029430915601551533,0.5958549380302429,0.0023024906404316425,3.516675633363775e-06,-0.7683239579200745,0.258014976978302,0.24864348769187927
Direct PPO,1026,3.0,0.5,3.5,True,True,True,0.4931816246583945,0.002838362863450825,0.82,3.6,0.10000000000000009,0.10000000000000009,0.155379056930542,0.040303248912096024,0.011943042278289795,0.011943042278289795,0.005882591940462589,0.9391925930976868,0.0024253875017166138,3.7252905258355895e-06,-1.7438942193984985,0.19023452699184418,0.2583710551261902
Direct PPO,1027,3.0,0.5,3.5,True,True,True,0.6261705893503265,0.008378558187881014,0.785,4.3,0.7999999999999998,0.7999999999999998,0.6655834913253784,0.3515010476112366,0.006459712982177734,0.006459712982177734,0.002541213994845748,0.4960269033908844,0.006477138493210077,7.769489229758619e-07,-1.9580382108688354,0.12429128587245941,0.36954861879348755
Direct PPO,1028,3.0,0.5,3.5,True,True,True,0.22243228914126703,0.0073918337940094515,0.875,2.5,0.0,0.0,0.04734690114855766,0.026221245527267456,0.007701396942138672,0.007701396942138672,0.0023375300224870443,0.38387927412986755,0.007701463531702757,2.5649837880337145e-06,-0.7757433652877808,-0.22796711325645447,0.4025936424732208
Direct PPO,1029,3.0,0.5,3.5,True,True,True,0.21177776722236605,0.0025730911051086583,0.8875,2.25,0.0,0.0,0.04937256500124931,0.02536752261221409,0.0013722777366638184,0.0013722777366638184,0.0028515260200947523,0.5023524165153503,0.002750938292592764,3.114357923550415e-06,-0.7448340058326721,0.6458722352981567,0.214758962392807
Direct PPO,1030,3.0,0.5,3.5,True,True,True,0.5794905619316604,0.01168581106079735,0.7925,4.15,0.6500000000000004,0.6500000000000004,0.5793032050132751,0.3006064295768738,0.009021759033203125,0.009021759033203125,0.0014891641912981868,0.282451868057251,0.009064474143087864,3.434563268456259e-06,-1.6447029113769531,-0.9496257901191711,0.4438457489013672
Direct PPO,1031,3.0,0.5,3.5,True,True,True,0.33399779298231813,0.00784317261646047,0.855,2.9000000000000004,0.0,0.0,0.09725718200206757,0.055124230682849884,0.007582664489746094,0.007582664489746094,0.0021305924747139215,0.3437858819961548,0.007569815032184124,5.602878445643e-06,-0.9611496329307556,0.9009804725646973,0.39864641427993774
Direct PPO,1032,3.0,0.5,3.5,True,True,True,0.239718771096511,0.010074372392706315,0.87,2.6,0.0,0.0,0.0748479887843132,0.04268660396337509,0.010336875915527344,0.010336875915527344,0.0010773187968879938,0.2014022320508957,0.010546114295721054,8.948263143793156e-07,-0.6833899617195129,-0.5306191444396973,0.49894750118255615
Direct PPO,1033,3.0,0.5,3.5,True,True,True,0.28009837213494626,0.010144381577782073,0.8575,2.85,0.0,0.0,0.1009749323129654,0.058382220566272736,0.009864330291748047,0.009864330291748047,0.001126037328504026,0.21989423036575317,0.009986397810280323,9.093575670249265e-08,-0.7577928304672241,0.7459949851036072,0.4761985242366791
Direct PPO,1034,3.0,0.5,3.5,True,True,True,0.17625925243780685,0.003085195336085813,0.89,2.2,0.0,0.0,0.05171135440468788,0.02841605804860592,0.0,0.0,0.002894059522077441,0.5150842070579529,0.002518657362088561,3.308067107354873e-06,-0.5296080112457275,-0.6777904629707336,0.22327283024787903
Direct PPO,1035,3.0,0.5,3.5,True,True,True,0.4922551038359127,0.009120202881284482,0.7975,4.05,0.5499999999999998,0.5499999999999998,0.43318310379981995,0.1574501246213913,0.008991718292236328,0.008991718292236328,0.004338051658123732,0.7576083540916443,0.008853139355778694,2.20538049688912e-06,-1.5201642513275146,-0.23973245918750763,0.436818927526474
Direct PPO,1036,3.0,0.5,3.5,True,True,True,0.47784529094985706,0.009018913539609525,0.7975,4.25,0.75,0.75,0.22143852710723877,0.08952100574970245,0.08465635776519775,0.08465635776519775,0.0072893318720161915,1.4891976118087769,0.005672642029821873,2.175716417696094e-06,-1.558912754058838,0.6018440127372742,0.34900519251823425
Direct PPO,1037,3.0,0.5,3.5,True,True,True,0.4703394364907332,0.01711177895527861,0.75,5.0,1.5,1.5,0.2647196650505066,0.23265618085861206,0.23235642910003662,0.23235642910003662,0.010932314209640026,1.8655638694763184,0.006981798447668552,2.743595359788742e-06,-1.5164998769760132,-0.3818822205066681,0.38270920515060425
Direct PPO,1038,3.0,0.5,3.5,True,True,True,0.46281572229123036,0.004210017683522881,0.8225,3.5500000000000003,0.050000000000000266,0.050000000000000266,0.11686212569475174,0.014959500171244144,0.004243135452270508,0.004243135452270508,0.0050763958133757114,0.7991955280303955,0.004425541032105684,5.06765786667529e-07,-1.5098652839660645,-0.8029577136039734,0.31811848282814026
Direct PPO,1039,3.0,0.5,3.5,True,True,True,0.18709649602574796,0.006145694981296817,0.8875,2.25,0.0,0.0,0.03592924401164055,0.01932298019528389,0.006323337554931641,0.006323337554931641,0.0024978225119411945,0.44575685262680054,0.006345484405755997,1.4305572904049768e-06,-0.6960156559944153,-0.0387578122317791,0.3661683201789856
Direct PPO,1040,3.0,0.5,3.5,True,True,True,0.24256548095006147,0.008099151328641835,0.875,2.5,0.0,0.0,0.07119105756282806,0.04045478627085686,0.008081436157226562,0.008081436157226562,0.0018584862118586898,0.3149908483028412,0.008084730245172977,2.770535445506539e-07,-0.7547146081924438,0.5635512471199036,0.4134989380836487
Direct PPO,1041,3.0,0.5,3.5,True,True,True,0.20004929532232543,0.009361141929783177,0.88,2.4000000000000004,0.0,0.0,0.06035204231739044,0.03468003496527672,0.0095977783203125,0.0095977783203125,0.0013731538783758879,0.24033086001873016,0.00968861486762762,2.401122287665203e-07,-0.6478168964385986,-0.19675222039222717,0.46515655517578125
Direct PPO,1042,3.0,0.5,3.5,True,True,True,0.44159076551244514,0.0077961644872339125,0.81,3.8000000000000003,0.30000000000000027,0.30000000000000027,0.19792191684246063,0.04478304088115692,0.03729724884033203,0.03729724884033203,0.006146830040961504,1.2601664066314697,0.00660818163305521,4.500157047004905e-06,-1.463887333869934,-0.25558269023895264,0.3728010952472687
Direct PPO,1043,3.0,0.5,3.5,True,True,True,0.5475865409100651,0.016876045139942328,0.7375,5.25,1.75,1.75,0.303615540266037,0.27532094717025757,0.2753068208694458,0.2753068208694458,0.011460680514574051,1.920413613319397,0.00448451517149806,4.917963451589458e-06,-1.7490100860595703,-0.7958716750144958,0.31946444511413574
Direct PPO,1044,3.0,0.5,3.5,True,True,True,0.5733996815737767,0.004786714612795744,0.8,4.2,0.7000000000000002,0.7000000000000002,0.2242867797613144,0.08265846222639084,0.07514351606369019,0.07514351606369019,0.00893038883805275,1.6605157852172852,0.002921339124441147,1.7886704881675541e-06,-1.981444239616394,0.7169352173805237,0.20961801707744598
Direct PPO,1045,3.0,0.5,3.5,True,True,True,0.219171519138939,0.007765210250580111,0.8775,2.45,0.0,0.0,0.046776216477155685,0.025431005284190178,0.00815582275390625,0.00815582275390625,0.002163887722417712,0.36642932891845703,0.008162655867636204,1.252994593414769e-06,-0.7272861003875732,-0.39523494243621826,0.4158290922641754
Direct PPO,1046,3.0,0.5,3.5,True,True,True,0.6169649126696463,0.010131559820622629,0.785,4.3,0.7999999999999998,0.7999999999999998,0.6588134765625,0.35799360275268555,0.007485866546630859,0.007485866546630859,0.0022616242058575153,0.4036012589931488,0.007485887035727501,8.489174518899745e-08,-1.868130087852478,0.6265861392021179,0.39649125933647156
Direct PPO,1047,3.0,0.5,3.5,True,True,True,0.31384918074268264,0.0035164920614463562,0.8575,2.85,0.0,0.0,0.025235522538423538,0.012859933078289032,0.0033316612243652344,0.0033316612243652344,0.0031521443743258715,0.638089656829834,0.0036627603694796562,8.642718398732541e-07,-1.1699552536010742,-0.14992530643939972,0.29876548051834106
Direct PPO,1048,3.0,0.5,3.5,True,True,True,0.32538582199177774,0.009641738472504555,0.85,3.0,0.0,0.0,0.09808911383152008,0.05416517332196236,0.01000213623046875,0.01000213623046875,0.001407330622896552,0.2593194246292114,0.010146692395210266,4.838023528463964e-07,-0.9076822996139526,-0.7630760073661804,0.4824531674385071
Direct PPO,1049,3.0,0.5,3.5,True,True,True,0.5257081852461735,0.010225500104023325,0.7975,4.05,0.5499999999999998,0.5499999999999998,0.5154702663421631,0.23608548939228058,0.008713245391845703,0.008713245391845703,0.0021248869597911835,0.3701147735118866,0.00873835664242506,1.1945994629058987e-06,-1.6127384901046753,0.09402617067098618,0.43331217765808105
Direct PPO,1050,3.0,0.5,3.5,True,True,True,0.42527676430923833,0.011116318962785867,0.8,4.0,0.5,0.5,0.3527805805206299,0.11004819720983505,0.01816415786743164,0.01816415786743164,0.004685970023274422,0.8317008018493652,0.010547153651714325,4.589557647705078e-06,-1.2507070302963257,-0.40418457984924316,0.49881017208099365
Direct PPO,1051,3.0,0.5,3.5,True,True,True,0.23390954062466782,0.002593612259982336,0.885,2.3000000000000003,0.0,0.0,0.02778881974518299,0.015459218062460423,0.0013036727905273438,0.0013036727905273438,0.003017194801941514,0.6061887145042419,0.0024222820065915585,2.7418136596679688e-06,-0.8433747291564941,-0.6024307608604431,0.2584548592567444
Direct PPO,1052,3.0,0.5,3.5,True,True,True,0.460182121169297,0.005049353300131655,0.815,3.7,0.20000000000000018,0.20000000000000018,0.17720972001552582,0.047326285392045975,0.0051201581954956055,0.0051201581954956055,0.005923609249293804,1.0941091775894165,0.004706717096269131,7.1227595981326886e-06,-1.577463150024414,-0.03658809885382652,0.32490968704223633
Direct PPO,1053,3.0,0.5,3.5,True,True,True,0.22895882546396068,0.008798496595741908,0.8725,2.5500000000000003,0.0,0.0,0.059429045766592026,0.03354785591363907,0.009160041809082031,0.009160041809082031,0.001670129713602364,0.2837497293949127,0.00921156071126461,1.8182790881837718e-06,-0.7320424914360046,-0.38764455914497375,0.44851720333099365
Direct PPO,1054,3.0,0.5,3.5,True,True,True,0.6231636926838033,0.006369983688205067,0.79,4.2,0.7000000000000002,0.7000000000000002,0.5921423435211182,0.26750677824020386,0.0054187774658203125,0.0054187774658203125,0.002820751629769802,0.5136967301368713,0.005488719325512648,4.530120349954814e-06,-1.9604523181915283,0.6108824014663696,0.3443475067615509
Direct PPO,1055,3.0,0.5,3.5,True,True,True,0.27547624676943594,0.006239192401521023,0.875,2.5,0.0,0.0,0.054800182580947876,0.02758781798183918,0.00667572021484375,0.00667572021484375,0.002725864527747035,0.4740158021450043,0.006686813198029995,5.961487659078557e-07,-0.8035520911216736,-0.8197364807128906,0.37500709295272827
Direct PPO,1056,3.0,0.5,3.5,True,True,True,0.21780919624501055,0.004954968874548416,0.89,2.3000000000000003,0.0,0.0,0.051433686167001724,0.026181751862168312,0.005138874053955078,0.005138874053955078,0.0028162463568150997,0.4664081037044525,0.005228648893535137,5.781656000181101e-06,-0.6173267960548401,-0.7547652125358582,0.33817118406295776
Direct PPO,1057,3.0,0.5,3.5,True,True,True,0.3888436172646211,0.0036368635283089653,0.84,3.2,0.0,0.0,0.055312156677246094,0.019111184403300285,0.0034303665161132812,0.0034303665161132812,0.0033260879572480917,0.5523059368133545,0.0036383371334522963,3.15905231218494e-06,-1.4013786315917969,-0.020997419953346252,0.2980625629425049
Direct PPO,1058,3.0,0.5,3.5,True,True,True,0.6164830539341247,0.005330829916875468,0.79,4.2,0.7000000000000002,0.7000000000000002,0.5590449571609497,0.23303362727165222,0.005335330963134766,0.005335330963134766,0.003106489311903715,0.6075198650360107,0.005410997662693262,2.7418795980338473e-06,-1.9344123601913452,-0.6835842132568359,0.34246277809143066
Direct PPO,1059,3.0,0.5,3.5,True,True,True,0.3784357718283077,0.004707271451099248,0.8425,3.1500000000000004,0.0,0.0,0.05723927170038223,0.018338780850172043,0.004779815673828125,0.004779815673828125,0.003432612167671323,0.5959351062774658,0.004900947213172913,1.519932311566663e-06,-1.3239208459854126,-0.34795770049095154,0.3298633396625519
Direct PPO,1060,3.0,0.5,3.5,True,True,True,0.23353348916295402,0.009335288631960155,0.87,2.6,0.0,0.0,0.06640340387821198,0.03393833339214325,0.009883880615234375,0.009883880615234375,0.0012175196316093206,0.2157813012599945,0.010012062266469002,7.629462743352633e-06,-0.5232435464859009,-0.8263487219810486,0.4775193929672241
Direct PPO,1061,3.0,0.5,3.5,True,True,True,0.28229265667190123,0.0032439723388131727,0.865,2.7,0.0,0.0,0.027056680992245674,0.014102393761277199,0.002924203872680664,0.002924203872680664,0.0027928021736443043,0.5322882533073425,0.003312449436634779,3.9041060517774895e-06,-1.0766786336898804,0.09924349933862686,0.28927016258239746
Direct PPO,1062,3.0,0.5,3.5,True,True,True,0.3312350697888855,0.008128891038626976,0.85,3.0,0.0,0.0,0.07903016358613968,0.043713368475437164,0.008586883544921875,0.008586883544921875,0.0021507705096155405,0.34616386890411377,0.008607129566371441,2.8622569061553804e-06,-1.020176649093628,-0.6513675451278687,0.4292861223220825
Direct PPO,1063,3.0,0.5,3.5,True,True,True,0.17889390603827338,0.0034409897315927918,0.8875,2.25,0.0,0.0,0.054332707077264786,0.029157647863030434,0.0031381845474243164,0.0031381845474243164,0.002447497798129916,0.4093274176120758,0.0033198753371834755,1.221903744408337e-06,-0.5567145943641663,0.6067063212394714,0.2895512878894806
Direct PPO,1064,3.0,0.5,3.5,True,True,True,0.4410713735545569,0.0024818725366818023,0.8325,3.35,0.0,0.0,0.06224736198782921,0.02872174233198166,0.021476149559020996,0.021476149559020996,0.004466717597097158,0.5950151681900024,0.0022807170171290636,7.897727982708602e-07,-1.6129041910171509,-0.13716638088226318,0.24278511106967926
Direct PPO,1065,3.0,0.5,3.5,True,True,True,0.1881729859365312,0.008828842292468815,0.8925,2.15,0.0,0.0,0.04842573404312134,0.024836141616106033,0.009298324584960938,0.009298324584960938,0.0014564477605745196,0.25754883885383606,0.009361086413264275,2.685243771338719e-06,-0.5033138990402222,-0.5932050347328186,0.453745573759079
Direct PPO,1066,3.0,0.5,3.5,True,True,True,0.35669152033516,0.0028707172506655288,0.8525,2.95,0.0,0.0,0.0476764440536499,0.022900735959410667,0.032720088958740234,0.01895928382873535,0.0031091386917978525,0.6935980916023254,0.0029774010181427,1.937417977160294e-07,-1.3762075901031494,0.32575497031211853,0.20805609226226807
Direct PPO,1067,3.0,0.5,3.5,True,True,True,0.2331033373707849,0.0031746195562745833,0.8625,2.75,0.0,0.0,0.0808953046798706,0.04226011037826538,0.002375960350036621,0.002375960350036621,0.0025515167508274317,0.43427279591560364,0.0032251004595309496,3.399653905944433e-06,-0.6176835894584656,0.9055254459381104,0.20151829719543457
Direct PPO,1068,3.0,0.5,3.5,True,True,True,0.21174160679736312,0.0022678498320837493,0.8875,2.25,0.0,0.0,0.04169970750808716,0.021716352552175522,0.0017552375793457031,0.0017552375793457031,0.002771597821265459,0.5778514742851257,0.0023161955177783966,1.0728913366619963e-06,-0.7787961959838867,0.5352519750595093,0.25048118829727173
Direct PPO,1069,3.0,0.5,3.5,True,True,True,0.20960834776058243,0.0026227721797327584,0.8675,2.6500000000000004,0.0,0.0,0.07701088488101959,0.04089996591210365,0.0026663541793823242,0.0026663541793823242,0.0021694409660995007,0.33307594060897827,0.0022940945345908403,1.251700837201497e-06,-0.5076419115066528,0.8446078896522522,0.24751581251621246
Direct PPO,1070,3.0,0.5,3.5,True,True,True,0.49404084155286443,0.0028858336359825184,0.825,3.5,0.0,0.0,0.10046977549791336,0.0522337332367897,0.02602165937423706,0.02602165937423706,0.004726838786154985,0.6858643889427185,0.002398544689640403,1.4311672202893533e-06,-1.6644020080566406,0.9533751606941223,0.22921264171600342
Direct PPO,1071,3.0,0.5,3.5,True,True,True,0.48210634552777176,0.0032540604907101913,0.825,3.5,0.0,0.0,0.1260363757610321,0.0450606569647789,0.010094881057739258,0.010094881057739258,0.005322338547557592,0.8170223832130432,0.002680673263967037,1.4901252143317834e-07,-1.6379417181015015,0.7469041347503662,0.26974478363990784
Direct PPO,1072,3.0,0.5,3.5,True,True,True,0.39959863801483664,0.013967911987210736,0.7925,4.3500000000000005,0.8500000000000005,0.8500000000000005,0.23207567632198334,0.11022903025150299,0.10713720321655273,0.10713720321655273,0.0072303591296076775,1.4445031881332397,0.009718784131109715,2.65672451860155e-06,-1.22187077999115,0.3675197660923004,0.4661308228969574
Direct PPO,1073,3.0,0.5,3.5,True,True,True,0.4934687473363895,0.01564792727349395,0.7575,4.8500000000000005,1.3500000000000005,1.3500000000000005,0.26330727338790894,0.20016101002693176,0.19869554042816162,0.19869554042816162,0.010219826363027096,1.8061692714691162,0.0068826451897621155,4.709468157670926e-06,-1.5133368968963623,0.8512749075889587,0.3800120949745178
Direct PPO,1074,3.0,0.5,3.5,True,True,True,0.16801913508066474,0.010099562952070526,0.89,2.2,0.0,0.0,0.055115003138780594,0.031556885689496994,0.010285377502441406,0.010285377502441406,0.001038129674270749,0.19830627739429474,0.01048325840383768,1.879235043134031e-07,-0.5001789927482605,-0.2884053587913513,0.4962819218635559
Direct PPO,1075,3.0,0.5,3.5,True,True,True,0.2779083140253493,0.0026095297373035556,0.8625,2.75,0.0,0.0,0.08022453635931015,0.0423804447054863,0.004094541072845459,0.004094541072845459,0.002856125822290778,0.5635643601417542,0.002290185075253248,2.2351741790771484e-06,-0.8189709782600403,0.9466501474380493,0.23914383351802826
Direct PPO,1076,3.0,0.5,3.5,True,True,True,0.4821179201539894,0.009720872760332741,0.7975,4.05,0.5499999999999998,0.5499999999999998,0.4066121578216553,0.1385200470685959,0.013324141502380371,0.013324141502380371,0.0044061425141990185,0.7247827649116516,0.009340740740299225,2.9237232865853002e-06,-1.445397138595581,-0.562984049320221,0.45283621549606323
Direct PPO,1077,3.0,0.5,3.5,True,True,True,0.23368443899222888,0.0031878015049159087,0.8725,2.5500000000000003,0.0,0.0,0.06945958733558655,0.0373358391225338,0.0018699169158935547,0.0018699169158935547,0.002976221265271306,0.5508671998977661,0.002670216141268611,1.9371511825738708e-06,-0.6151338219642639,-0.8893533945083618,0.2694230377674103
Direct PPO,1078,3.0,0.5,3.5,True,True,True,0.20066976656332094,0.0028167972923719927,0.8975,2.0500000000000003,0.0,0.0,0.044806282967329025,0.024742532521486282,4.0531158447265625e-05,4.0531158447265625e-05,0.002978549338877201,0.5779286026954651,0.002324106404557824,1.475217800361861e-06,-0.6580581068992615,-0.6858707666397095,0.23459486663341522
Direct PPO,1079,3.0,0.5,3.5,True,True,True,0.2587632767477755,0.010629486663117065,0.8575,2.85,0.0,0.0,0.09839547425508499,0.05653534084558487,0.010161399841308594,0.010161399841308594,0.0008636721759103239,0.20897984504699707,0.01032845489680767,2.682283366084448e-06,-0.5874135494232178,0.8651593327522278,0.4896434247493744
Direct PPO,1080,3.0,0.5,3.5,True,True,True,0.22255410215361351,0.006604169641189535,0.8775,2.45,0.0,0.0,0.06825575232505798,0.037785716354846954,0.006466865539550781,0.006466865539550781,0.0020884694531559944,0.3554557263851166,0.0064065055921673775,5.275012426864123e-06,-0.6397119164466858,0.7102972865104675,0.367546945810318
Direct PPO,1081,3.0,0.5,3.5,True,True,True,0.4060221406051354,0.004056132144673992,0.8425,3.1500000000000004,0.0,0.0,0.07700420171022415,0.03851902112364769,0.003849625587463379,0.003849625587463379,0.00323141785338521,0.5500191450119019,0.0037375856190919876,2.2649844595434843e-06,-1.3320256471633911,0.8601993322372437,0.3006768822669983
Direct PPO,1082,3.0,0.5,3.5,True,True,True,0.25574761133984775,0.00399201225560819,0.8725,2.5500000000000003,0.0,0.0,0.018308356404304504,0.008560779504477978,0.003947734832763672,0.003947734832763672,0.003043257864192128,0.5723758339881897,0.004171203821897507,5.960801559012907e-07,-0.9581221342086792,-0.30673766136169434,0.3117980659008026
Direct PPO,1083,3.0,0.5,3.5,True,True,True,0.3795814256332519,0.0026340848624986798,0.85,3.0,0.0,0.0,0.05619077757000923,0.028904493898153305,0.025307059288024902,0.018840372562408447,0.0031826477497816086,0.6765255928039551,0.0027003770228475332,2.015029394897283e-06,-1.3940625190734863,0.6289385557174683,0.21643398702144623
Direct PPO,1084,3.0,0.5,3.5,True,True,True,0.27832169269172263,0.007297239202786315,0.875,2.5,0.0,0.0,0.06565254926681519,0.03325454145669937,0.007852554321289062,0.007852554321289062,0.002373205963522196,0.3882583975791931,0.00785448495298624,7.540251772297779e-06,-0.7371216416358948,-0.8951173424720764,0.4071005880832672
Direct PPO,1085,3.0,0.5,3.5,True,True,True,0.20702801764869555,0.007833016394058005,0.88,2.4000000000000004,0.0,0.0,0.05047699436545372,0.02835700660943985,0.008089065551757812,0.008089065551757812,0.001962194452062249,0.3434196412563324,0.00809453520923853,2.446146709189634e-06,-0.7224554419517517,-0.08529454469680786,0.4138740301132202
Direct PPO,1086,3.0,0.5,3.5,True,True,True,0.2600807276056463,0.008347850593622246,0.8725,2.5500000000000003,0.0,0.0,0.0604044646024704,0.032147835940122604,0.008878707885742188,0.008878707885742188,0.0018856271635740995,0.31488877534866333,0.00891253910958767,7.155543926273822e-07,-0.7490203976631165,-0.7008727788925171,0.4387705326080322
Direct PPO,1087,3.0,0.5,3.5,True,True,True,0.39661441825462235,0.004509187438671201,0.845,3.1,0.0,0.0,0.048791080713272095,0.020267363637685776,0.004665851593017578,0.004665851593017578,0.0030169617384672165,0.5633153319358826,0.004799470771104097,5.06669834976492e-07,-1.2718281745910645,-0.8616007566452026,0.3274095356464386
Direct PPO,1088,3.0,0.5,3.5,True,True,True,0.4108076497168835,0.009119154997766707,0.8175,3.6500000000000004,0.15000000000000036,0.15000000000000036,0.16021527349948883,0.048211175948381424,0.009479045867919922,0.009479045867919922,0.0031246787402778864,0.8026251196861267,0.009557499550282955,2.563076805017772e-06,-1.148199200630188,-0.9221230149269104,0.4605681300163269
Direct PPO,1089,3.0,0.5,3.5,True,True,True,0.6000783404976753,0.008665427301631688,0.79,4.2,0.7000000000000002,0.7000000000000002,0.5915637016296387,0.28330323100090027,0.0068416595458984375,0.0068416595458984375,0.00242316210642457,0.4600951075553894,0.006848977878689766,3.4874533412221354e-06,-1.8535881042480469,0.5890284776687622,0.37915652990341187
Direct PPO,1090,3.0,0.5,3.5,True,True,True,0.2851037754062674,0.003597626353669174,0.87,2.6,0.0,0.0,0.02770344354212284,0.014143174514174461,0.0033888816833496094,0.0033888816833496094,0.003094824030995369,0.5585477352142334,0.0037094384897500277,1.043081624629849e-06,-0.9845758080482483,-0.6573527455329895,0.30003631114959717
Direct PPO,1091,3.0,0.5,3.5,True,True,True,0.6078270225925683,0.006408521872936365,0.7925,4.15,0.6500000000000004,0.6500000000000004,0.566493809223175,0.24946171045303345,0.006121158599853516,0.006121158599853516,0.002787309465929866,0.5505801439285278,0.006151314824819565,3.3083053949667374e-06,-1.8845704793930054,-0.6914018392562866,0.36124923825263977
Direct PPO,1092,3.0,0.5,3.5,True,True,True,0.6006015648023741,0.009136625302287175,0.7825,4.6000000000000005,1.1000000000000005,1.1000000000000005,0.5030586123466492,0.1644417941570282,0.0848689079284668,0.0848689079284668,0.004958749283105135,0.8336027264595032,0.004201044328510761,5.082918619336851e-07,-1.9696727991104126,-0.2278679758310318,0.31251582503318787
Direct PPO,1093,3.0,0.5,3.5,True,True,True,0.26176489670191355,0.008437654501299255,0.8625,2.75,0.0,0.0,0.07352710515260696,0.04243624210357666,0.008617401123046875,0.008617401123046875,0.0017273109406232834,0.3192249536514282,0.008638469502329826,3.666029670057469e-06,-0.8791002631187439,0.07968070358037949,0.43002596497535706
Direct PPO,1094,3.0,0.5,3.5,True,True,True,0.2436869092195316,0.0025047316054087293,0.88,2.4000000000000004,0.0,0.0,0.02256406843662262,0.012967335060238838,0.0022569894790649414,0.0009355545043945312,0.003023310797289014,0.5768418908119202,0.0023231517989188433,2.712012246774975e-06,-0.9031349420547485,-0.5643354058265686,0.2514164447784424
Direct PPO,1095,3.0,0.5,3.5,True,True,True,0.36368318703385927,0.003394725038287808,0.8475,3.0500000000000003,0.0,0.0,0.021080223843455315,0.005222054664045572,0.0031137466430664062,0.0031137466430664062,0.0030558393336832523,0.5470459461212158,0.0034941737540066242,4.470481371754431e-07,-1.3096781969070435,-0.4019305408000946,0.2943161725997925
Direct PPO,1096,3.0,0.5,3.5,True,True,True,0.20763760017905486,0.00309671052839718,0.8725,2.5500000000000003,0.0,0.0,0.07035399228334427,0.037654876708984375,0.003039836883544922,0.003039836883544922,0.0023664371110498905,0.37312740087509155,0.0027678110636770725,5.066699486633297e-07,-0.5565752387046814,0.7886120080947876,0.27283963561058044
Direct PPO,1097,3.0,0.5,3.5,True,True,True,0.3500679841152837,0.0027499981834860276,0.85,3.0,0.0,0.0,0.02885916270315647,0.013568997383117676,0.002463221549987793,0.002463221549987793,0.0032114447094500065,0.6725095510482788,0.00278701214119792,2.3245838747243397e-06,-1.3080552816390991,0.037033263593912125,0.27344202995300293
Direct PPO,1098,3.0,0.5,3.5,True,True,True,0.3997868553938276,0.016192590629572016,0.7825,4.6000000000000005,1.1000000000000005,1.1000000000000005,0.25090011954307556,0.1485162079334259,0.1474677324295044,0.1474677324295044,0.008179661817848682,1.5215274095535278,0.009937134571373463,2.29735451284796e-06,-1.2224541902542114,-0.25077617168426514,0.4742331802845001
Direct PPO,1099,3.0,0.5,3.5,True,True,True,0.6083864681263839,0.008205096026643637,0.79,4.2,0.7000000000000002,0.7000000000000002,0.6216234564781189,0.3079797625541687,0.006473541259765625,0.006473541259765625,0.0026279741432517767,0.4579247534275055,0.006490601692348719,9.852059292825288e-07,-1.9130916595458984,0.09447009861469269,0.36984628438949585
Residual PPO,1000,3.0,0.5,3.5,True,True,True,0.3608536268123864,0.01106823305079081,0.81,3.8000000000000003,0.30000000000000027,0.30000000000000027,0.2649036645889282,0.132231205701828,0.005003929138183594,0.005003929138183594,6.006882540532388e-05,0.09101045876741409,0.0050054858438670635,1.1346948667778634e-05,-1.2179213762283325,0.20768369734287262,0.34128254652023315
Residual PPO,1001,3.0,0.5,3.5,True,True,True,0.3755577965179709,0.012836413260262613,0.81,3.8000000000000003,0.30000000000000027,0.30000000000000027,0.26456987857818604,0.16468928754329681,0.0018701553344726562,0.0018701553344726562,8.704104402568191e-05,0.11413302272558212,0.0019371166126802564,1.0908491276495624e-05,-1.0811076164245605,-0.9685990810394287,0.25630688667297363
Residual PPO,1002,3.0,0.5,3.5,True,True,True,0.4620725227703954,0.020067358547357122,0.79,4.2,0.7000000000000002,0.7000000000000002,0.44094038009643555,0.271640419960022,0.007962226867675781,0.007962226867675781,5.1115479436703026e-05,0.0864487811923027,0.007965263910591602,2.353068339289166e-05,-1.428768277168274,-0.28562131524086,0.4242836833000183
Residual PPO,1003,3.0,0.5,3.5,True,True,True,0.5433553725156434,0.021939286283755095,0.7775,4.45,0.9500000000000002,0.9500000000000002,0.5310947299003601,0.3414664566516876,0.005237102508544922,0.005237102508544922,5.9473688452271745e-05,0.09766298532485962,0.005237988196313381,2.5065712179639377e-05,-1.7183640003204346,-0.48658838868141174,0.34840381145477295
Residual PPO,1004,3.0,0.5,3.5,True,True,True,0.6157626160738111,0.02259078864911723,0.7675,4.65,1.1500000000000004,1.1500000000000004,0.5889798402786255,0.38607680797576904,0.0012969970703125,0.0012969970703125,7.054350135149434e-05,0.10601989179849625,0.0014195037074387074,2.3531558326794766e-05,-1.998679280281067,-0.7396973967552185,0.24154320359230042
Residual PPO,1005,3.0,0.5,3.5,True,True,True,0.6019795314576819,0.0197845577898613,0.7725,4.55,1.0499999999999998,1.0499999999999998,0.5756721496582031,0.37057119607925415,0.002959728240966797,0.002959728240966797,6.423608283512294e-05,0.10328399389982224,0.0029831656720489264,2.086379026877694e-05,-1.8766711950302124,0.8611240983009338,0.28618520498275757
Residual PPO,1006,3.0,0.5,3.5,True,True,True,0.436081647702077,0.01417216154107533,0.7975,4.05,0.5499999999999998,0.5499999999999998,0.35774531960487366,0.2041844129562378,0.0030989646911621094,0.0030989646911621094,5.2007948397658765e-05,0.0773647204041481,0.0031194344628602266,1.0214684152742848e-05,-1.4946178197860718,0.20171388983726501,0.28934937715530396
Residual PPO,1007,3.0,0.5,3.5,True,True,True,0.6385060113647026,0.027066356554911915,0.7575,4.8500000000000005,1.3500000000000005,1.3500000000000005,0.727173388004303,0.49153223633766174,0.006844997406005859,0.006844997406005859,6.531589315272868e-05,0.11766847968101501,0.006845587398856878,2.5093859221669845e-05,-1.8931626081466675,0.6319606900215149,0.39287856221199036
Residual PPO,1008,3.0,0.5,3.5,True,True,True,0.533187110691379,0.016568206303566712,0.7825,4.3500000000000005,0.8500000000000005,0.8500000000000005,0.47589659690856934,0.29376769065856934,0.002200603485107422,0.002200603485107422,5.874863563803956e-05,0.09163469821214676,0.0022497449535876513,1.2527062608569395e-05,-1.749120831489563,0.6261014938354492,0.26522985100746155
Residual PPO,1009,3.0,0.5,3.5,True,True,True,0.5575095702834453,0.018429601544562052,0.775,4.5,1.0,1.0,0.5097675323486328,0.3246445059776306,0.00032138824462890625,0.00032138824462890625,6.309105810942128e-05,0.09467381238937378,0.0007698023109696805,1.7227961507160217e-05,-1.9152493476867676,-0.3461688160896301,0.2149554342031479
Residual PPO,1010,3.0,0.5,3.5,True,True,True,0.654584348216343,0.03639630609978584,0.7425,5.15,1.6500000000000004,1.6500000000000004,0.8879227638244629,0.6278688907623291,0.009695053100585938,0.009695053100585938,6.716295320075005e-05,0.12928591668605804,0.00970371998846531,4.5633609261130914e-05,-1.8575115203857422,0.07161146402359009,0.4753030240535736
Residual PPO,1011,3.0,0.5,3.5,True,True,True,0.45325580719978903,0.014460375774740224,0.795,4.1000000000000005,0.6000000000000005,0.6000000000000005,0.3776974380016327,0.22025160491466522,0.002148151397705078,0.002148151397705078,5.3564119298243895e-05,0.07932472229003906,0.0021997184958308935,1.177909507532604e-05,-1.57381272315979,0.12664707005023956,0.26378002762794495
Residual PPO,1012,3.0,0.5,3.5,True,True,True,0.4630199636602021,0.01415169701109092,0.795,4.1000000000000005,0.6000000000000005,0.6000000000000005,0.3793729245662689,0.218537375330925,0.002433300018310547,0.002433300018310547,5.4716798331355676e-05,0.08129066228866577,0.0024724409449845552,1.233544298884226e-05,-1.5405192375183105,0.561293363571167,0.2715309262275696
Residual PPO,1013,3.0,0.5,3.5,True,True,True,0.3156116528249364,0.014392332394295463,0.815,3.7,0.20000000000000018,0.20000000000000018,0.22108890116214752,0.15460056066513062,0.007172584533691406,0.007172584533691406,5.346104808268137e-05,0.06542210280895233,0.007173786871135235,1.9425358914304525e-05,-0.8082606196403503,-0.8420410752296448,0.401797890663147
Residual PPO,1014,3.0,0.5,3.5,True,True,True,0.44897612536257175,0.020300984709613955,0.7925,4.15,0.6500000000000004,0.6500000000000004,0.44583404064178467,0.2731734812259674,0.009521484375,0.009521484375,4.820618050871417e-05,0.0867827981710434,0.009529571048915386,2.9791965062031522e-05,-1.3467140197753906,0.1714046150445938,0.4693894386291504
Residual PPO,1015,3.0,0.5,3.5,True,True,True,0.45889031120625884,0.017878293934893277,0.7925,4.15,0.6500000000000004,0.6500000000000004,0.42130398750305176,0.25363197922706604,0.0068416595458984375,0.0068416595458984375,4.9952494009630755e-05,0.0843002051115036,0.0068422602489590645,1.743332359183114e-05,-1.4601455926895142,0.21413566172122955,0.39239153265953064
Residual PPO,1016,3.0,0.5,3.5,True,True,True,0.4944732532086167,0.01765562350641114,0.785,4.3,0.7999999999999998,0.7999999999999998,0.4477543234825134,0.27596914768218994,0.0036902427673339844,0.0036902427673339844,5.468995004775934e-05,0.08699613809585571,0.003701034002006054,2.2806314518675208e-05,-1.6580126285552979,-0.11461202055215836,0.3060871958732605
Residual PPO,1017,3.0,0.5,3.5,True,True,True,0.2548425341697734,0.01230197293649682,0.8425,3.1500000000000004,0.0,0.0,0.16088680922985077,0.11394678801298141,0.010333061218261719,0.010333061218261719,3.278750227764249e-05,0.050358716398477554,0.010344071313738823,6.79774529999122e-06,-0.62247234582901,0.6426637768745422,0.4917738139629364
Residual PPO,1018,3.0,0.5,3.5,True,True,True,0.35812204728418556,0.0144744786849562,0.81,3.8000000000000003,0.30000000000000027,0.30000000000000027,0.2939121723175049,0.15815427899360657,0.009287834167480469,0.009287834167480469,5.934748696745373e-05,0.09630588442087173,0.00929501187056303,1.0819466297107283e-05,-1.1090368032455444,-0.0900818482041359,0.4614541530609131
Residual PPO,1019,3.0,0.5,3.5,True,True,True,0.5144174781711441,0.019747023720719417,0.7825,4.3500000000000005,0.8500000000000005,0.8500000000000005,0.489571213722229,0.3086977005004883,0.004949092864990234,0.004949092864990234,5.5591091950191185e-05,0.09185829758644104,0.004950853995978832,1.720110230962746e-05,-1.674609661102295,-0.20800989866256714,0.34006524085998535
Residual PPO,1020,3.0,0.5,3.5,True,True,True,0.3186859841597906,0.008256394460595317,0.815,3.7,0.20000000000000018,0.20000000000000018,0.20025533437728882,0.10355124622583389,0.0006256103515625,0.0006256103515625,7.383474439848214e-05,0.10308025032281876,0.000909749127458781,7.979590918694157e-06,-1.1319496631622314,-0.4326494336128235,0.2227078378200531
Residual PPO,1021,3.0,0.5,3.5,True,True,True,0.5353128082251207,0.027905890123842356,0.7725,4.55,1.0499999999999998,1.0499999999999998,0.586866021156311,0.38541242480278015,0.010484695434570312,0.010484695434570312,6.165370723465458e-05,0.10599353164434433,0.010496309958398342,2.8659864256042056e-05,-1.4384177923202515,-0.8382971882820129,0.49743902683258057
Residual PPO,1022,3.0,0.5,3.5,True,True,True,0.6848076026160091,0.02850190917888757,0.7525,4.95,1.4500000000000002,1.4500000000000002,0.7890450358390808,0.5392094850540161,0.006276130676269531,0.006276130676269531,7.125575211830437e-05,0.12471876293420792,0.006276173051446676,2.356253935431596e-05,-1.999210000038147,0.8368335366249084,0.37694433331489563
Residual PPO,1023,3.0,0.5,3.5,True,True,True,0.5416264253786242,0.024606757597937894,0.7775,4.45,0.9500000000000002,0.9500000000000002,0.5801902413368225,0.3749985992908478,0.009638786315917969,0.009638786315917969,5.6656197557458654e-05,0.10334722697734833,0.009647245518863201,3.1238727387972176e-05,-1.4916963577270508,0.8117974996566772,0.4728805720806122
Residual PPO,1024,3.0,0.5,3.5,True,True,True,0.46078572771253773,0.01723563811624572,0.795,4.1000000000000005,0.6000000000000005,0.6000000000000005,0.3922930359840393,0.2357061356306076,0.0038747787475585938,0.0038747787475585938,5.5710541346343234e-05,0.08158930391073227,0.003883457975462079,2.2683369024889544e-05,-1.51630699634552,-0.48329436779022217,0.3110935389995575
Residual PPO,1025,3.0,0.5,3.5,True,True,True,0.20756543656618665,0.00683819573409604,0.8575,2.85,0.0,0.0,0.08520155400037766,0.06249869614839554,0.001598358154296875,0.001598358154296875,3.739771636901423e-05,0.05492113158106804,0.0016874972498044372,4.9184245654032566e-06,-0.7683239579200745,0.258014976978302,0.24864348769187927
Residual PPO,1026,3.0,0.5,3.5,True,True,True,0.5096204636399349,0.016296910135975777,0.7825,4.3500000000000005,0.8500000000000005,0.8500000000000005,0.4544021487236023,0.2795158922672272,0.0019412040710449219,0.0019412040710449219,5.6439279433107004e-05,0.08782199770212173,0.002004283247515559,1.4666837159893475e-05,-1.7438942193984985,0.19023452699184418,0.2583710551261902
Residual PPO,1027,3.0,0.5,3.5,True,True,True,0.6332367630818398,0.026678125466420743,0.7575,4.8500000000000005,1.3500000000000005,1.3500000000000005,0.7193803787231445,0.48709139227867126,0.005998134613037109,0.005998134613037109,6.44123210804537e-05,0.11653438955545425,0.00599813973531127,2.858486186596565e-05,-1.9580382108688354,0.12429128587245941,0.36954861879348755
Residual PPO,1028,3.0,0.5,3.5,True,True,True,0.23980800233158045,0.010693233225236284,0.8475,3.0500000000000003,0.0,0.0,0.14032922685146332,0.09987368434667587,0.007214546203613281,0.007214546203613281,3.955470310756937e-05,0.05677872151136398,0.00721580907702446,1.2049295037286356e-05,-0.7757433652877808,-0.22796711325645447,0.4025936424732208
Residual PPO,1029,3.0,0.5,3.5,True,True,True,0.23706373131419062,0.007614486031460122,0.8575,2.85,0.0,0.0,0.11589574068784714,0.08117838948965073,0.00034046173095703125,0.00034046173095703125,3.833497976302169e-05,0.05146240442991257,0.0007767254137434065,3.179019358867663e-06,-0.7448340058326721,0.6458722352981567,0.214758962392807
Residual PPO,1030,3.0,0.5,3.5,True,True,True,0.5948119992414408,0.02920668890437036,0.7675,4.65,1.1500000000000004,1.1500000000000004,0.6473789215087891,0.431427538394928,0.008639335632324219,0.008639335632324219,6.882029992993921e-05,0.11409743130207062,0.008644366636872292,2.9645247195730917e-05,-1.6447029113769531,-0.9496257901191711,0.4438457489013672
Residual PPO,1031,3.0,0.5,3.5,True,True,True,0.3602271490450002,0.012216988012637578,0.8175,3.6500000000000004,0.15000000000000036,0.15000000000000036,0.23585672676563263,0.1348961740732193,0.007082462310791016,0.007082462310791016,3.917399953934364e-05,0.07356084138154984,0.007083452306687832,8.478886229568161e-06,-0.9611496329307556,0.9009804725646973,0.39864641427993774
Residual PPO,1032,3.0,0.5,3.5,True,True,True,0.26005828385120994,0.013804793821596129,0.825,3.5,0.0,0.0,0.1803700476884842,0.1288445144891739,0.010567665100097656,0.010567665100097656,3.771373667404987e-05,0.05468523129820824,0.010579616762697697,1.1831728443212342e-05,-0.6833899617195129,-0.5306191444396973,0.49894750118255615
Residual PPO,1033,3.0,0.5,3.5,True,True,True,0.30121838608624385,0.013187925468400523,0.8225,3.5500000000000003,0.050000000000000266,0.050000000000000266,0.18872861564159393,0.12969231605529785,0.009778022766113281,0.009778022766113281,3.5935834603151307e-05,0.05158557370305061,0.009787038899958134,1.7477621440775692e-05,-0.7577928304672241,0.7459949851036072,0.4761985242366791
Residual PPO,1034,3.0,0.5,3.5,True,True,True,0.20468385389847718,0.009119772778436222,0.8525,2.95,0.0,0.0,0.144008606672287,0.10037072002887726,0.0006437301635742188,0.0006437301635742188,4.3079206079710275e-05,0.05516786500811577,0.0009209500276483595,1.0115436452906579e-05,-0.5296080112457275,-0.6777904629707336,0.22327283024787903
Residual PPO,1035,3.0,0.5,3.5,True,True,True,0.5000320268411012,0.022645472102743758,0.7825,4.3500000000000005,0.8500000000000005,0.8500000000000005,0.5162550806999207,0.32966020703315735,0.008396148681640625,0.008396148681640625,5.312857319950126e-05,0.09478650987148285,0.008400431834161282,2.690049950615503e-05,-1.5201642513275146,-0.23973245918750763,0.436818927526474
Residual PPO,1036,3.0,0.5,3.5,True,True,True,0.496016443250681,0.017486048372409402,0.79,4.2,0.7000000000000002,0.7000000000000002,0.4462772309780121,0.2707010805606842,0.005270957946777344,0.005270957946777344,5.3953175665810704e-05,0.08855026215314865,0.005271785892546177,1.9120212527923286e-05,-1.558912754058838,0.6018440127372742,0.34900519251823425
Residual PPO,1037,3.0,0.5,3.5,True,True,True,0.48037557822751414,0.019764375688488482,0.79,4.2,0.7000000000000002,0.7000000000000002,0.4483332931995392,0.27768176794052124,0.0064849853515625,0.0064849853515625,5.362497176975012e-05,0.08765437453985214,0.006485180463641882,2.1827210730407387e-05,-1.5164998769760132,-0.3818822205066681,0.38270920515060425
Residual PPO,1038,3.0,0.5,3.5,True,True,True,0.4860924605862881,0.019200314317482252,0.7925,4.15,0.6500000000000004,0.6500000000000004,0.4145047664642334,0.2545759379863739,0.004142284393310547,0.004142284393310547,6.0536014643730596e-05,0.08610056340694427,0.004148545674979687,1.8346849174122326e-05,-1.5098652839660645,-0.8029577136039734,0.31811848282814026
Residual PPO,1039,3.0,0.5,3.5,True,True,True,0.2018304734473176,0.008673932624760355,0.86,2.8000000000000003,0.0,0.0,0.10729926824569702,0.07876893132925034,0.005901336669921875,0.005901336669921875,3.414023376535624e-05,0.05457356944680214,0.005901360884308815,1.4607640878239181e-05,-0.6960156559944153,-0.0387578122317791,0.3661683201789856
Residual PPO,1040,3.0,0.5,3.5,True,True,True,0.2631393172192569,0.010700976825380827,0.845,3.1,0.0,0.0,0.14746256172657013,0.10334519296884537,0.0076045989990234375,0.0076045989990234375,3.527587614371441e-05,0.0505857914686203,0.007606700994074345,1.2180126759631094e-05,-0.7547146081924438,0.5635512471199036,0.4134989380836487
Residual PPO,1041,3.0,0.5,3.5,True,True,True,0.21429562983854053,0.011290766069892074,0.855,2.9000000000000004,0.0,0.0,0.1348058581352234,0.09807457774877548,0.009401321411132812,0.009401321411132812,3.337028465466574e-05,0.05626041814684868,0.009408996440470219,1.6161260646185838e-05,-0.6478168964385986,-0.19675222039222717,0.46515655517578125
Residual PPO,1042,3.0,0.5,3.5,True,True,True,0.45354240566882237,0.017962956679124783,0.795,4.1000000000000005,0.6000000000000005,0.6000000000000005,0.4062342345714569,0.2448289394378662,0.006132602691650391,0.006132602691650391,5.154742393642664e-05,0.08247020095586777,0.006132609210908413,1.956265805347357e-05,-1.463887333869934,-0.25558269023895264,0.3728010952472687
Residual PPO,1043,3.0,0.5,3.5,True,True,True,0.5637278107960805,0.022596983672128312,0.7775,4.45,0.9500000000000002,0.9500000000000002,0.5325518250465393,0.3430019021034241,0.00418853759765625,0.00418853759765625,6.520316674141213e-05,0.09997761249542236,0.004194452427327633,2.0141980712651275e-05,-1.7490100860595703,-0.7958716750144958,0.31946444511413574
Residual PPO,1044,3.0,0.5,3.5,True,True,True,0.5987945533149981,0.017244275889220857,0.77,4.6000000000000005,1.1000000000000005,1.1000000000000005,0.5538544058799744,0.35436901450157166,0.00012874603271484375,0.00012874603271484375,6.531624967465177e-05,0.10012944787740707,0.0007363033364526927,1.4609853678848594e-05,-1.981444239616394,0.7169352173805237,0.20961801707744598
Residual PPO,1045,3.0,0.5,3.5,True,True,True,0.24028876555437853,0.011309034345235445,0.8475,3.0500000000000003,0.0,0.0,0.15095113217830658,0.10826501250267029,0.007683753967285156,0.007683753967285156,3.936078064725734e-05,0.05597039312124252,0.007686067372560501,1.3700368981517386e-05,-0.7272861003875732,-0.39523494243621826,0.4158290922641754
Residual PPO,1046,3.0,0.5,3.5,True,True,True,0.6304555594942074,0.026796653012089035,0.76,4.800000000000001,1.3000000000000007,1.3000000000000007,0.7144280076026917,0.4815188944339752,0.0069713592529296875,0.0069713592529296875,6.444931932492182e-05,0.11633247882127762,0.006972146686166525,2.643931657075882e-05,-1.868130087852478,0.6265861392021179,0.39649125933647156
Residual PPO,1047,3.0,0.5,3.5,True,True,True,0.3333053319338751,0.0091951592987325,0.8125,3.75,0.25,0.25,0.22758594155311584,0.11058646440505981,0.003441333770751953,0.003441333770751953,6.716639472870156e-05,0.09703298658132553,0.00345551292411983,1.185765449918108e-05,-1.1699552536010742,-0.14992530643939972,0.29876548051834106
Residual PPO,1048,3.0,0.5,3.5,True,True,True,0.3466873099708203,0.014288635617047208,0.8125,3.75,0.25,0.25,0.2608684003353119,0.1535598486661911,0.010014533996582031,0.010014533996582031,7.424840441672131e-05,0.1400664746761322,0.01002439484000206,8.254679414676502e-06,-0.9076822996139526,-0.7630760073661804,0.4824531674385071
Residual PPO,1049,3.0,0.5,3.5,True,True,True,0.531405788447341,0.023850312370592805,0.775,4.5,1.0,1.0,0.5750760436058044,0.37444424629211426,0.00827789306640625,0.00827789306640625,5.446465002023615e-05,0.10073141008615494,0.008281787857413292,2.4859484256012365e-05,-1.6127384901046753,0.09402617067098618,0.43331217765808105
Residual PPO,1050,3.0,0.5,3.5,True,True,True,0.43468468465853494,0.021434961382624993,0.795,4.1000000000000005,0.6000000000000005,0.6000000000000005,0.43133115768432617,0.2650335431098938,0.010538101196289062,0.010538101196289062,4.975169213139452e-05,0.08556900173425674,0.010549931786954403,2.3819988200557418e-05,-1.2507070302963257,-0.40418457984924316,0.49881017208099365
Residual PPO,1051,3.0,0.5,3.5,True,True,True,0.264161050987376,0.010505956978617101,0.8425,3.1500000000000004,0.0,0.0,0.1607586145401001,0.11293455213308334,0.0019497871398925781,0.0019497871398925781,4.170153624727391e-05,0.05782900005578995,0.0020119650289416313,1.1074861504312139e-05,-0.8433747291564941,-0.6024307608604431,0.2584548592567444
Residual PPO,1052,3.0,0.5,3.5,True,True,True,0.47246953700156424,0.01705331083397521,0.79,4.2,0.7000000000000002,0.7000000000000002,0.42119359970092773,0.25502917170524597,0.004396915435791016,0.004396915435791016,5.264289939077571e-05,0.08396579325199127,0.004401379730552435,1.592717489984352e-05,-1.577463150024414,-0.03658809885382652,0.32490968704223633
Residual PPO,1053,3.0,0.5,3.5,True,True,True,0.24820995897836606,0.012164223655487322,0.845,3.1,0.0,0.0,0.15940934419631958,0.11384961754083633,0.008840560913085938,0.008840560913085938,3.947898221667856e-05,0.05578303709626198,0.00884624570608139,9.815920748224016e-06,-0.7320424914360046,-0.38764455914497375,0.44851720333099365
Residual PPO,1054,3.0,0.5,3.5,True,True,True,0.6384478304853346,0.02444947585964434,0.76,4.800000000000001,1.3000000000000007,1.3000000000000007,0.6896383166313171,0.4616849422454834,0.005100727081298828,0.005100727081298828,6.51855516480282e-05,0.11393962800502777,0.005102030001580715,2.0346591554698534e-05,-1.9604523181915283,0.6108824014663696,0.3443475067615509
Residual PPO,1055,3.0,0.5,3.5,True,True,True,0.3060049786030607,0.013670186469671818,0.8175,3.6500000000000004,0.15000000000000036,0.15000000000000036,0.21117906272411346,0.14815393090248108,0.006229400634765625,0.006229400634765625,5.3701718570664525e-05,0.0686565712094307,0.0062294346280395985,1.1022973922081292e-05,-0.8035520911216736,-0.8197364807128906,0.37500709295272827
Residual PPO,1056,3.0,0.5,3.5,True,True,True,0.2482235395945144,0.011234109330028892,0.825,3.5,0.0,0.0,0.17594267427921295,0.12356705218553543,0.004885673522949219,0.004885673522949219,4.4680109567707404e-05,0.05485446751117706,0.004887611139565706,1.3369182852329686e-05,-0.6173267960548401,-0.7547652125358582,0.33817118406295776
Residual PPO,1057,3.0,0.5,3.5,True,True,True,0.40541566463853623,0.013695045768407738,0.8025,3.95,0.4500000000000002,0.4500000000000002,0.32105109095573425,0.17780248820781708,0.003414154052734375,0.003414154052734375,5.108880941406824e-05,0.07280860096216202,0.0034288617316633463,1.3109562132740393e-05,-1.4013786315917969,-0.020997419953346252,0.2980625629425049
Residual PPO,1058,3.0,0.5,3.5,True,True,True,0.6305411964271685,0.02660354570293567,0.7625,4.75,1.25,1.25,0.6678023934364319,0.4470779597759247,0.005012989044189453,0.005012989044189453,6.93419569870457e-05,0.11440619826316833,0.005014496855437756,2.9102229746058583e-05,-1.9344123601913452,-0.6835842132568359,0.34246277809143066
Residual PPO,1059,3.0,0.5,3.5,True,True,True,0.3970066955052033,0.014632737092828547,0.805,3.9000000000000004,0.40000000000000036,0.40000000000000036,0.3130488395690918,0.17556670308113098,0.0045719146728515625,0.0045719146728515625,5.455832069856115e-05,0.07855428010225296,0.004575286526232958,1.8898570488090627e-05,-1.3239208459854126,-0.34795770049095154,0.3298633396625519
Residual PPO,1060,3.0,0.5,3.5,True,True,True,0.26263738421487703,0.013917323925125815,0.82,3.6,0.10000000000000009,0.10000000000000009,0.1999511569738388,0.14108628034591675,0.009821891784667969,0.009821891784667969,4.123901089769788e-05,0.052358414977788925,0.009831111878156662,1.9538105334504507e-05,-0.5232435464859009,-0.8263487219810486,0.4775193929672241
Residual PPO,1061,3.0,0.5,3.5,True,True,True,0.3008002256774714,0.005396147743282128,0.815,3.7,0.20000000000000018,0.20000000000000018,0.18062248826026917,0.07044977694749832,0.0031065940856933594,0.0031065940856933594,7.447839743690565e-05,0.11307573318481445,0.003126758150756359,4.171438831690466e-06,-1.0766786336898804,0.09924349933862686,0.28927016258239746
Residual PPO,1062,3.0,0.5,3.5,True,True,True,0.35209267762475377,0.01302717228562439,0.8125,3.75,0.25,0.25,0.26282578706741333,0.14767999947071075,0.008158683776855469,0.008158683776855469,7.905466191004962e-05,0.11599047482013702,0.008162292651832104,1.3753289749729447e-05,-1.020176649093628,-0.6513675451278687,0.4292861223220825
Residual PPO,1063,3.0,0.5,3.5,True,True,True,0.20004132234195277,0.007141488673840571,0.87,2.6,0.0,0.0,0.11410362273454666,0.07979472726583481,0.003108501434326172,0.003108501434326172,2.9710763556067832e-05,0.049730684608221054,0.0031285875011235476,7.534871656389441e-06,-0.5567145943641663,0.6067063212394714,0.2895512878894806
Residual PPO,1064,3.0,0.5,3.5,True,True,True,0.46017590038482015,0.014968959320148967,0.7925,4.15,0.6500000000000004,0.6500000000000004,0.3843914866447449,0.2273007333278656,0.0013589859008789062,0.0013589859008789062,5.5520715250167996e-05,0.0798904225230217,0.0014737724559381604,1.5976967915776186e-05,-1.6129041910171509,-0.13716638088226318,0.24278511106967926
Residual PPO,1065,3.0,0.5,3.5,True,True,True,0.21382345846111026,0.011508708163352348,0.845,3.1,0.0,0.0,0.1554633378982544,0.11028419435024261,0.009022712707519531,0.009022712707519531,3.601858770707622e-05,0.056316182017326355,0.009029017761349678,9.637503353587817e-06,-0.5033138990402222,-0.5932050347328186,0.453745573759079
Residual PPO,1066,3.0,0.5,3.5,True,True,True,0.3825164966302029,0.010548956390668086,0.8075,3.85,0.3500000000000001,0.3500000000000001,0.26970425248146057,0.1345466673374176,7.82012939453125e-05,7.82012939453125e-05,5.4743104556109756e-05,0.07567238807678223,0.0007346553611569107,1.0179776836594101e-05,-1.3762075901031494,0.32575497031211853,0.20805609226226807
Residual PPO,1067,3.0,0.5,3.5,True,True,True,0.2589772468982449,0.009333058507829936,0.825,3.5,0.0,0.0,0.16483034193515778,0.11343728005886078,0.0,0.0,3.555415605660528e-05,0.04732120409607887,0.0007732431986369193,1.0683436357794562e-06,-0.6176835894584656,0.9055254459381104,0.20151829719543457
Residual PPO,1068,3.0,0.5,3.5,True,True,True,0.23571528773945039,0.007515096759512563,0.855,2.9000000000000004,0.0,0.0,0.10827844589948654,0.0766046792268753,0.0016627311706542969,0.0016627311706542969,3.922682299162261e-05,0.05689382180571556,0.0017460655653849244,6.781707270420156e-06,-0.7787961959838867,0.5352519750595093,0.25048118829727173
Residual PPO,1069,3.0,0.5,3.5,True,True,True,0.23319924411280651,0.00861339698195612,0.8425,3.1500000000000004,0.0,0.0,0.15521636605262756,0.10677581280469894,0.0015544891357421875,0.0015544891357421875,3.1656465580454096e-05,0.04623532295227051,0.0016476502642035484,5.1014303608099e-06,-0.5076419115066528,0.8446078896522522,0.24751581251621246
Residual PPO,1070,3.0,0.5,3.5,True,True,True,0.5259278713239717,0.015372462159028781,0.7875,4.25,0.75,0.75,0.4383385479450226,0.2624455392360687,0.0008578300476074219,0.0008578300476074219,6.270872836466879e-05,0.09003382921218872,0.001066340133547783,1.3635321920446586e-05,-1.6644020080566406,0.9533751606941223,0.22921264171600342
Residual PPO,1071,3.0,0.5,3.5,True,True,True,0.5078969878737899,0.015587119865859249,0.7875,4.25,0.75,0.75,0.4330804944038391,0.2594565749168396,0.0023603439331054688,0.0023603439331054688,5.813821917399764e-05,0.08799021691083908,0.002402285346761346,1.572507062519435e-05,-1.6379417181015015,0.7469041347503662,0.26974478363990784
Residual PPO,1072,3.0,0.5,3.5,True,True,True,0.40906915085203266,0.0174182679844964,0.8025,3.95,0.4500000000000002,0.4500000000000002,0.3658667206764221,0.2093789428472519,0.009423255920410156,0.009423255920410156,4.75470551464241e-05,0.08078362047672272,0.009430968202650547,2.311846037628129e-05,-1.22187077999115,0.3675197660923004,0.4661308228969574
Residual PPO,1073,3.0,0.5,3.5,True,True,True,0.5133439290507569,0.01887082437372166,0.7875,4.25,0.75,0.75,0.46710532903671265,0.2854726016521454,0.006399631500244141,0.006399631500244141,5.6249828048748896e-05,0.09241806715726852,0.006399748381227255,1.6419888197560795e-05,-1.5133368968963623,0.8512749075889587,0.3800120949745178
Residual PPO,1074,3.0,0.5,3.5,True,True,True,0.18440390244175336,0.01126567762340454,0.8625,2.75,0.0,0.0,0.12844218313694,0.09280823171138763,0.010493278503417969,0.010493278503417969,3.1490799301536754e-05,0.054845720529556274,0.010504898615181446,4.496423571254127e-06,-0.5001789927482605,-0.2884053587913513,0.4962819218635559
Residual PPO,1075,3.0,0.5,3.5,True,True,True,0.30801634757503304,0.010399107945467563,0.8225,3.5500000000000003,0.050000000000000266,0.050000000000000266,0.1794649064540863,0.1232071965932846,0.0012459754943847656,0.0012459754943847656,4.3178541091037914e-05,0.04984830319881439,0.0013766789343208075,3.9753604141878895e-06,-0.8189709782600403,0.9466501474380493,0.23914383351802826
Residual PPO,1076,3.0,0.5,3.5,True,True,True,0.49415217232965053,0.02321242144887428,0.785,4.3,0.7999999999999998,0.7999999999999998,0.4993387460708618,0.31747299432754517,0.00894927978515625,0.00894927978515625,5.51664452359546e-05,0.09427794814109802,0.008955379016697407,2.9591054044431075e-05,-1.445397138595581,-0.562984049320221,0.45283621549606323
Residual PPO,1077,3.0,0.5,3.5,True,True,True,0.26582582057259785,0.011919619127091967,0.82,3.6,0.10000000000000009,0.10000000000000009,0.19454964995384216,0.13563717901706696,0.00235748291015625,0.00235748291015625,4.8683028580853716e-05,0.061846207827329636,0.0023992795031517744,1.0802776159835048e-05,-0.6151338219642639,-0.8893533945083618,0.2694230377674103
Residual PPO,1078,3.0,0.5,3.5,True,True,True,0.2313032503274146,0.009888621443300367,0.845,3.1,0.0,0.0,0.15549694001674652,0.10875945538282394,0.0010671615600585938,0.0010671615600585938,4.7764417104190215e-05,0.0681757777929306,0.0012272954918444157,9.025134204421192e-06,-0.6580581068992615,-0.6858707666397095,0.23459486663341522
Residual PPO,1079,3.0,0.5,3.5,True,True,True,0.2826514604596523,0.013303302633006952,0.8225,3.5500000000000003,0.050000000000000266,0.050000000000000266,0.19193832576274872,0.13440930843353271,0.010272979736328125,0.010272979736328125,3.495499913697131e-05,0.048200059682130814,0.010283704847097397,2.4408277567999903e-06,-0.5874135494232178,0.8651593327522278,0.4896434247493744
Residual PPO,1080,3.0,0.5,3.5,True,True,True,0.24625216858324156,0.00958494177612248,0.85,3.0,0.0,0.0,0.1458597332239151,0.10228528827428818,0.005969524383544922,0.005969524383544922,3.2651645597070456e-05,0.05107704922556877,0.005969534162431955,6.074421435187105e-06,-0.6397119164466858,0.7102972865104675,0.367546945810318
Residual PPO,1081,3.0,0.5,3.5,True,True,True,0.4350809948061967,0.013340390079529424,0.805,3.9000000000000004,0.40000000000000036,0.40000000000000036,0.3283463716506958,0.17756585776805878,0.0035185813903808594,0.0035185813903808594,5.97460129938554e-05,0.08756471425294876,0.003531818278133869,8.989345587906428e-06,-1.3320256471633911,0.8601993322372437,0.3006768822669983
Residual PPO,1082,3.0,0.5,3.5,True,True,True,0.2782445862252978,0.009649379492548345,0.8275,3.45,0.0,0.0,0.1629067212343216,0.09880584478378296,0.003931522369384766,0.003931522369384766,3.1844851037021726e-05,0.05160729959607124,0.00393972173333168,7.227995865832781e-06,-0.9581221342086792,-0.30673766136169434,0.3117980659008026
Residual PPO,1083,3.0,0.5,3.5,True,True,True,0.40987414849534676,0.01125195590559687,0.805,3.9000000000000004,0.40000000000000036,0.40000000000000036,0.2949245572090149,0.1521550565958023,0.0003910064697265625,0.0003910064697265625,5.624578625429422e-05,0.07776099443435669,0.0007944366661831737,9.513089935353491e-06,-1.3940625190734863,0.6289385557174683,0.21643398702144623
Residual PPO,1084,3.0,0.5,3.5,True,True,True,0.3092762786835022,0.014540668054113574,0.815,3.7,0.20000000000000018,0.20000000000000018,0.2228752076625824,0.157075434923172,0.007363319396972656,0.007363319396972656,5.0384893256705254e-05,0.055608294904232025,0.007364909630268812,1.8680557332118042e-05,-0.7371216416358948,-0.8951173424720764,0.4071005880832672
Residual PPO,1085,3.0,0.5,3.5,True,True,True,0.22101170322767968,0.010188970411231239,0.8525,2.95,0.0,0.0,0.1254483461380005,0.09107468277215958,0.007618904113769531,0.007618904113769531,3.5284316254546866e-05,0.05637222155928612,0.0076210470870137215,1.1637359421001747e-05,-0.7224554419517517,-0.08529454469680786,0.4138740301132202
Residual PPO,1086,3.0,0.5,3.5,True,True,True,0.2865138765785544,0.013736247494116779,0.82,3.6,0.10000000000000009,0.10000000000000009,0.19791942834854126,0.13985076546669006,0.008496284484863281,0.008496284484863281,4.610596806742251e-05,0.05526653304696083,0.008500877767801285,1.1603370694501791e-05,-0.7490203976631165,-0.7008727788925171,0.4387705326080322
Residual PPO,1087,3.0,0.5,3.5,True,True,True,0.42456714473115226,0.01655154398666347,0.805,3.9000000000000004,0.40000000000000036,0.40000000000000036,0.33106327056884766,0.1969171017408371,0.004494667053222656,0.004494667053222656,6.679786019958556e-05,0.0900440588593483,0.004498498048633337,1.2906229130749125e-05,-1.2718281745910645,-0.8616007566452026,0.3274095356464386
Residual PPO,1088,3.0,0.5,3.5,True,True,True,0.432341482641202,0.019470651744138624,0.8,4.0,0.5,0.5,0.36592209339141846,0.22159503400325775,0.009235382080078125,0.009235382080078125,6.642025255132467e-05,0.09714702516794205,0.009242459200322628,2.095803756674286e-05,-1.148199200630188,-0.9221230149269104,0.4605681300163269
Residual PPO,1089,3.0,0.5,3.5,True,True,True,0.6139052176754274,0.02490640920260735,0.7625,4.75,1.25,1.25,0.670046329498291,0.44655391573905945,0.006360054016113281,0.006360054016113281,6.254431355046108e-05,0.11173781752586365,0.006360141560435295,2.1425712475320324e-05,-1.8535881042480469,0.5890284776687622,0.37915652990341187
Residual PPO,1090,3.0,0.5,3.5,True,True,True,0.3146936550550927,0.011349597595069254,0.82,3.6,0.10000000000000009,0.10000000000000009,0.2037399560213089,0.12784992158412933,0.003490924835205078,0.003490924835205078,3.514543641358614e-05,0.061076752841472626,0.0035043784882873297,1.0540323273744434e-05,-0.9845758080482483,-0.6573527455329895,0.30003631114959717
Residual PPO,1091,3.0,0.5,3.5,True,True,True,0.62141982196687,0.02688585728671426,0.7625,4.75,1.25,1.25,0.6630890369415283,0.44349297881126404,0.005692958831787109,0.005692958831787109,6.846233736723661e-05,0.11389383673667908,0.0056931134313344955,3.0681203497806564e-05,-1.8845704793930054,-0.6914018392562866,0.36124923825263977
Residual PPO,1092,3.0,0.5,3.5,True,True,True,0.6111398771196224,0.023442513371490496,0.7625,4.75,1.25,1.25,0.6363447308540344,0.42254963517189026,0.003919124603271484,0.003919124603271484,6.390146154444665e-05,0.10844920575618744,0.003927409648895264,2.7379044695408083e-05,-1.9696727991104126,-0.2278679758310318,0.31251582503318787
Residual PPO,1093,3.0,0.5,3.5,True,True,True,0.2730917164556486,0.011232340810713663,0.8275,3.45,0.0,0.0,0.16606388986110687,0.10160999745130539,0.008182525634765625,0.008182525634765625,3.0398259696085006e-05,0.0513867624104023,0.008186194114387035,1.3379166375671048e-05,-0.8791002631187439,0.07968070358037949,0.43002596497535706
Residual PPO,1094,3.0,0.5,3.5,True,True,True,0.273552167980724,0.010420392062524597,0.8375,3.25,0.0,0.0,0.16191600263118744,0.11153717339038849,0.0016884803771972656,0.0016884803771972656,3.8700753066223115e-05,0.05702207610011101,0.0017693270929157734,1.0984860637108795e-05,-0.9031349420547485,-0.5643354058265686,0.2514164447784424
Residual PPO,1095,3.0,0.5,3.5,True,True,True,0.3862220364778517,0.013531447276390936,0.8075,3.85,0.3500000000000001,0.3500000000000001,0.29232534766197205,0.16139422357082367,0.0032792091369628906,0.0032792091369628906,5.803310341434553e-05,0.08067251741886139,0.003296133130788803,1.1438016372267157e-05,-1.3096781969070435,-0.4019305408000946,0.2943161725997925
Residual PPO,1096,3.0,0.5,3.5,True,True,True,0.23146419287306466,0.008359864950774707,0.85,3.0,0.0,0.0,0.14538583159446716,0.10049301385879517,0.002502918243408203,0.002502918243408203,3.159069819957949e-05,0.046985700726509094,0.0025395534466952085,1.688329575699754e-06,-0.5565752387046814,0.7886120080947876,0.27283963561058044
Residual PPO,1097,3.0,0.5,3.5,True,True,True,0.3692390176905885,0.011310325255044057,0.81,3.8000000000000003,0.30000000000000027,0.30000000000000027,0.2687239348888397,0.13730093836784363,0.002513408660888672,0.002513408660888672,5.6233267969219014e-05,0.08027901500463486,0.0025496347807347775,7.743163223494776e-06,-1.3080552816390991,0.037033263593912125,0.27344202995300293
Residual PPO,1098,3.0,0.5,3.5,True,True,True,0.4071840374682613,0.018755671885239352,0.8,4.0,0.5,0.5,0.37510743737220764,0.22114066779613495,0.0097198486328125,0.0097198486328125,4.7909936256473884e-05,0.07878890633583069,0.009728560224175453,1.481762774346862e-05,-1.2224541902542114,-0.25077617168426514,0.4742331802845001
Residual PPO,1099,3.0,0.5,3.5,True,True,True,0.6155236129773537,0.025684809682556493,0.76,4.800000000000001,1.3000000000000007,1.3000000000000007,0.6857455372810364,0.4607645273208618,0.006015300750732422,0.006015300750732422,6.257044879021123e-05,0.11295021325349808,0.006015303544700146,2.5555140382493846e-05,-1.9130916595458984,0.09447009861469269,0.36984628438949585
PD+FF,1000,3.0,0.8,3.8,True,True,True,0.38991260559857177,0.04488280332205291,0.7375,5.25,1.4500000000000002,1.4500000000000002,0.462350070476532,0.3005199432373047,0.0,0.0,2.400493212917354e-05,0.07847516238689423,0.00016484975640196353,7.701820868533105e-05,-1.2179213762283325,0.20768369734287262,0.34128254652023315
PD+FF,1001,3.0,0.8,3.8,True,True,True,0.4099279151210373,0.04514295507648512,0.7375,5.25,1.4500000000000002,1.4500000000000002,0.4650435149669647,0.30226075649261475,0.0,0.0,2.7033058358938433e-05,0.07893881946802139,0.00016963576490525156,7.898444891907275e-05,-1.0811076164245605,-0.9685990810394287,0.25630688667297363
PD+FF,1002,3.0,0.8,3.8,True,True,True,0.4847791317045125,0.05780019413981416,0.71,5.800000000000001,2.000000000000001,2.000000000000001,0.5953653454780579,0.38699808716773987,0.0,0.0,3.432826997595839e-05,0.10103865712881088,0.0002126611361745745,9.864563617156819e-05,-1.428768277168274,-0.28562131524086,0.4242836833000183
PD+FF,1003,3.0,0.8,3.8,True,True,True,0.5680173934578702,0.06696735110636184,0.695,6.1000000000000005,2.3000000000000007,2.3000000000000007,0.6897895336151123,0.448373407125473,0.0,0.0,4.632875061361119e-05,0.11706483364105225,0.0002512136707082391,0.00011711398838087916,-1.7183640003204346,-0.48658838868141174,0.34840381145477295
PD+FF,1004,3.0,0.8,3.8,True,True,True,0.6448152511092304,0.07449543640865358,0.6825,6.3500000000000005,2.5500000000000007,2.5500000000000007,0.7673609256744385,0.4987829029560089,0.0,0.0,6.006850890116766e-05,0.13023805618286133,0.0002808188437484205,0.00013065661187283695,-1.998679280281067,-0.7396973967552185,0.24154320359230042
PD+FF,1005,3.0,0.8,3.8,True,True,True,0.6291437290440178,0.07288535988608186,0.685,6.300000000000001,2.500000000000001,2.500000000000001,0.7507759928703308,0.4880053997039795,0.0,0.0,5.754776793764904e-05,0.1274215430021286,0.00027455485542304814,0.00012789400352630764,-1.8766711950302124,0.8611240983009338,0.28618520498275757
PD+FF,1006,3.0,0.8,3.8,True,True,True,0.4656310954430351,0.05351586165485812,0.72,5.6000000000000005,1.8000000000000007,1.8000000000000007,0.5512687563896179,0.35831740498542786,0.0,0.0,3.388560435269028e-05,0.09356645494699478,0.00018704171816352755,8.811715088086203e-05,-1.4946178197860718,0.20171388983726501,0.28934937715530396
PD+FF,1007,3.0,0.8,3.8,True,True,True,0.6562268484454694,0.08077459533567492,0.675,6.5,2.7,2.7,0.8317596912384033,0.5407868027687073,0.0,0.0,6.048140494385734e-05,0.1410738229751587,0.0002906223526224494,0.0001362237671855837,-1.8931626081466675,0.6319606900215149,0.39287856221199036
PD+FF,1008,3.0,0.8,3.8,True,True,True,0.5628975165780372,0.06468983226801155,0.7,6.0,2.2,2.2,0.6663757562637329,0.4331377148628235,0.0,0.0,4.801584145752713e-05,0.11310186982154846,0.00023171331849880517,0.0001087058408302255,-1.749120831489563,0.6261014938354492,0.26522985100746155
PD+FF,1009,3.0,0.8,3.8,True,True,True,0.5875442561005093,0.06749620898258274,0.695,6.1000000000000005,2.3000000000000007,2.3000000000000007,0.6952757835388184,0.45192262530326843,0.0,0.0,5.131414218340069e-05,0.11800691485404968,0.0002489089674782008,0.00011600498692132533,-1.9152493476867676,-0.3461688160896301,0.2149554342031479
PD+FF,1010,3.0,0.8,3.8,True,True,True,0.6664349100752103,0.08947986745724558,0.6625,6.75,2.95,2.95,0.91945481300354,0.598818838596344,0.0,0.0,6.567562377313152e-05,0.15528954565525055,0.00034434982808306813,0.00015980478201527148,-1.8575115203857422,0.07161146402359009,0.4753030240535736
PD+FF,1011,3.0,0.8,3.8,True,True,True,0.48304223223840875,0.05537597782172735,0.715,5.7,1.9000000000000004,1.9000000000000004,0.5704355239868164,0.37077486515045166,0.0,0.0,3.634488530224189e-05,0.09681997448205948,0.00019685887673404068,9.254409815184772e-05,-1.57381272315979,0.12664707005023956,0.26378002762794495
PD+FF,1012,3.0,0.8,3.8,True,True,True,0.49415352996804063,0.05635347528773908,0.7125,5.75,1.9500000000000002,1.9500000000000002,0.5805124044418335,0.37732309103012085,0.0,0.0,3.835923780570738e-05,0.09853136539459229,0.00020560181292239577,9.619586489861831e-05,-1.5405192375183105,0.561293363571167,0.2715309262275696
PD+FF,1013,3.0,0.8,3.8,True,True,True,0.34629213565116046,0.0388251065121647,0.755,4.9,1.1000000000000005,1.1000000000000005,0.3999560475349426,0.2599591612815857,0.0,0.0,1.9684835933730938e-05,0.06788866221904755,0.0001511507434770465,7.006830855971202e-05,-0.8082606196403503,-0.8420410752296448,0.401797890663147
PD+FF,1014,3.0,0.8,3.8,True,True,True,0.46841565610917313,0.05674857090477514,0.7125,5.75,1.9500000000000002,1.9500000000000002,0.5845150351524353,0.3799580931663513,0.0,0.0,3.1739975383970886e-05,0.09918899834156036,0.0002257095620734617,0.00010407591616967693,-1.3467140197753906,0.1714046150445938,0.4693894386291504
PD+FF,1015,3.0,0.8,3.8,True,True,True,0.48299949965171807,0.05707928245606579,0.7125,5.75,1.9500000000000002,1.9500000000000002,0.5879669785499573,0.3821839392185211,0.0,0.0,3.458776336628944e-05,0.09978661686182022,0.00020471638708841056,9.591310663381591e-05,-1.4601455926895142,0.21413566172122955,0.39239153265953064
PD+FF,1016,3.0,0.8,3.8,True,True,True,0.5219498702851412,0.06076776535890529,0.705,5.9,2.1000000000000005,2.1000000000000005,0.6259652972221375,0.4068759083747864,0.0,0.0,4.064153108629398e-05,0.10624004155397415,0.0002344034000998363,0.00010884882067330182,-1.6580126285552979,-0.11461202055215836,0.3060871958732605
PD+FF,1017,3.0,0.8,3.8,True,True,True,0.2841443866961781,0.03257816784558377,0.7725,4.55,0.75,0.75,0.33560869097709656,0.21813957393169403,0.0,0.0,1.3731671060668305e-05,0.056963663548231125,0.00011489728785818443,5.417767170001753e-05,-0.62247234582901,0.6426637768745422,0.4917738139629364
PD+FF,1018,3.0,0.8,3.8,True,True,True,0.3833674627544402,0.04564424926714991,0.7375,5.25,1.4500000000000002,1.4500000000000002,0.4701627790927887,0.30560988187789917,0.0,0.0,2.3282851543626748e-05,0.07979367673397064,0.0001528497668914497,7.251037459354848e-05,-1.1090368032455444,-0.0900818482041359,0.4614541530609131
PD+FF,1019,3.0,0.8,3.8,True,True,True,0.5392228002756688,0.063423192529944,0.7,6.0,2.2,2.2,0.6532923579216003,0.4246460795402527,0.0,0.0,4.2096162360394374e-05,0.11087337136268616,0.00022458814783021808,0.00010546580597292632,-1.674609661102295,-0.20800989866256714,0.34006524085998535
PD+FF,1020,3.0,0.8,3.8,True,True,True,0.35046220356355784,0.03887790534842476,0.7525,4.95,1.1500000000000004,1.1500000000000004,0.4005090892314911,0.2603166699409485,0.0,0.0,1.953753235284239e-05,0.06798384338617325,0.00014707916125189513,6.822678551543504e-05,-1.1319496631622314,-0.4326494336128235,0.2227078378200531
PD+FF,1021,3.0,0.8,3.8,True,True,True,0.5554779090940859,0.06813840101685896,0.6925,6.15,2.3500000000000005,2.3500000000000005,0.701676607131958,0.4561886191368103,0.0,0.0,4.5068187318975106e-05,0.11902480572462082,0.0002440421376377344,0.00011440760135883465,-1.4384177923202515,-0.8382971882820129,0.49743902683258057
PD+FF,1022,3.0,0.8,3.8,True,True,True,0.7030280229285225,0.08654220266011961,0.6675,6.65,2.8500000000000005,2.8500000000000005,0.8910955190658569,0.5793977975845337,0.0,0.0,6.968319939915091e-05,0.1511167287826538,0.00030839999089948833,0.00014470054884441197,-1.999210000038147,0.8368335366249084,0.37694433331489563
PD+FF,1023,3.0,0.8,3.8,True,True,True,0.5610700783384193,0.06823563238694823,0.6925,6.15,2.3500000000000005,2.3500000000000005,0.7027552127838135,0.4568617641925812,0.0,0.0,4.566316056298092e-05,0.11922591924667358,0.00026655642432160676,0.00012352211342658848,-1.4916963577270508,0.8117974996566772,0.4728805720806122
PD+FF,1024,3.0,0.8,3.8,True,True,True,0.49122060212159324,0.056614619160456195,0.7125,5.75,1.9500000000000002,1.9500000000000002,0.5831877589225769,0.37906593084335327,0.0,0.0,3.757783997571096e-05,0.09898290038108826,0.00021941078011877835,0.00010183022823184729,-1.51630699634552,-0.48329436779022217,0.3110935389995575
PD+FF,1025,3.0,0.8,3.8,True,True,True,0.2371566746499563,0.026192558521527208,0.795,4.1000000000000005,0.3000000000000007,0.3000000000000007,0.2698211073875427,0.17537306249141693,0.0,0.0,9.08874335436849e-06,0.0458010695874691,9.27751389099285e-05,4.3707233999157324e-05,-0.7683239579200745,0.258014976978302,0.24864348769187927
PD+FF,1026,3.0,0.8,3.8,True,True,True,0.5384586276614729,0.06211381183841818,0.7025,5.95,2.1500000000000004,2.1500000000000004,0.6398314237594604,0.4158845543861389,0.0,0.0,4.377115692477673e-05,0.10859625041484833,0.00022585820988751948,0.00010566083074081689,-1.7438942193984985,0.19023452699184418,0.2583710551261902
PD+FF,1027,3.0,0.8,3.8,True,True,True,0.6508207108695799,0.08014583805697069,0.675,6.5,2.7,2.7,0.8253231644630432,0.5365850329399109,0.0,0.0,5.84022855036892e-05,0.13999314606189728,0.0002958964614663273,0.00013822429173160344,-1.9580382108688354,0.12429128587245941,0.36954861879348755
PD+FF,1028,3.0,0.8,3.8,True,True,True,0.2664286071768396,0.030664151947401474,0.78,4.4,0.6000000000000005,0.6000000000000005,0.3158770799636841,0.2053137719631195,0.0,0.0,1.155242989625549e-05,0.053614892065525055,0.00011572213406907395,5.321559001458809e-05,-0.7757433652877808,-0.22796711325645447,0.4025936424732208
PD+FF,1029,3.0,0.8,3.8,True,True,True,0.2712695355750576,0.029448886205903815,0.7825,4.3500000000000005,0.5500000000000007,0.5500000000000007,0.30337977409362793,0.19718347489833832,0.0,0.0,1.2125816283514723e-05,0.05149848386645317,0.00010693262447603047,4.998445001547225e-05,-0.7448340058326721,0.6458722352981567,0.214758962392807
PD+FF,1030,3.0,0.8,3.8,True,True,True,0.6166233701125348,0.07490209237106614,0.6825,6.3500000000000005,2.5500000000000007,2.5500000000000007,0.7713747620582581,0.5014878511428833,0.0,0.0,5.489552131621167e-05,0.13085676729679108,0.0002724131918512285,0.00012825654994230717,-1.6447029113769531,-0.9496257901191711,0.4438457489013672
PD+FF,1031,3.0,0.8,3.8,True,True,True,0.3939977611450605,0.04445888151683472,0.74,5.2,1.4000000000000004,1.4000000000000004,0.45799463987350464,0.2976842224597931,0.0,0.0,2.5243589334422722e-05,0.07773889601230621,0.00016185830463655293,7.579522207379341e-05,-0.9611496329307556,0.9009804725646973,0.39864641427993774
PD+FF,1032,3.0,0.8,3.8,True,True,True,0.2870803630154302,0.03339475469156975,0.77,4.6000000000000005,0.8000000000000007,0.8000000000000007,0.34400084614753723,0.22359710931777954,0.0,0.0,1.3971185580885503e-05,0.05838625505566597,0.00011399290815461427,5.392810999182984e-05,-0.6833899617195129,-0.5306191444396973,0.49894750118255615
PD+FF,1033,3.0,0.8,3.8,True,True,True,0.3321408658792898,0.038020945647008586,0.755,4.9,1.1000000000000005,1.1000000000000005,0.3916639983654022,0.2545744776725769,0.0,0.0,1.8426666429149918e-05,0.06647800654172897,0.0001555671769892797,7.156564970500767e-05,-0.7577928304672241,0.7459949851036072,0.4761985242366791
PD+FF,1034,3.0,0.8,3.8,True,True,True,0.23229124129194534,0.02504263012538182,0.8,4.0,0.20000000000000018,0.20000000000000018,0.25798600912094116,0.1676788032054901,0.0,0.0,9.036937626660801e-06,0.04379338398575783,9.476787090534344e-05,4.4070518924854696e-05,-0.5296080112457275,-0.6777904629707336,0.22327283024787903
PD+FF,1035,3.0,0.8,3.8,True,True,True,0.5198803684383646,0.06298297473399195,0.7025,5.95,2.1500000000000004,2.1500000000000004,0.6486932039260864,0.4216853380203247,0.0,0.0,3.837970143649727e-05,0.11007402092218399,0.00023675696866121143,0.00011044259736081585,-1.5201642513275146,-0.23973245918750763,0.436818927526474
PD+FF,1036,3.0,0.8,3.8,True,True,True,0.5232468530770925,0.06091740662248314,0.705,5.9,2.1000000000000005,2.1000000000000005,0.627497136592865,0.4078720808029175,0.0,0.0,4.128201544517651e-05,0.10649976134300232,0.00022876024013385177,0.00010670500341802835,-1.558912754058838,0.6018440127372742,0.34900519251823425
PD+FF,1037,3.0,0.8,3.8,True,True,True,0.5054461310065828,0.05958696499159081,0.7075,5.8500000000000005,2.0500000000000007,2.0500000000000007,0.6137804985046387,0.3989630341529846,0.0,0.0,3.762491905945353e-05,0.10416750609874725,0.00022118828201200813,0.00010333480895496905,-1.5164998769760132,-0.3818822205066681,0.38270920515060425
PD+FF,1038,3.0,0.8,3.8,True,True,True,0.51823892180082,0.05937139427378087,0.7075,5.8500000000000005,2.0500000000000007,2.0500000000000007,0.6115851998329163,0.39752328395843506,0.0,0.0,4.203295611659996e-05,0.1038033738732338,0.00021644157823175192,0.00010123291576746851,-1.5098652839660645,-0.8029577136039734,0.31811848282814026
PD+FF,1039,3.0,0.8,3.8,True,True,True,0.2278451515735889,0.02598118232094556,0.795,4.1000000000000005,0.3000000000000007,0.3000000000000007,0.26764148473739624,0.17395970225334167,0.0,0.0,8.425138730672188e-06,0.045428916811943054,0.00010640428808983415,4.914713281323202e-05,-0.6960156559944153,-0.0387578122317791,0.3661683201789856
PD+FF,1040,3.0,0.8,3.8,True,True,True,0.2932341786305908,0.03331473998507951,0.77,4.6000000000000005,0.8000000000000007,0.8000000000000007,0.34318187832832336,0.22305980324745178,0.0,0.0,1.4178025594446808e-05,0.05825044587254524,0.0001274168462259695,5.990489444229752e-05,-0.7547146081924438,0.5635512471199036,0.4134989380836487
PD+FF,1041,3.0,0.8,3.8,True,True,True,0.23923852994432043,0.028009967160539596,0.7875,4.25,0.4500000000000002,0.4500000000000002,0.28854504227638245,0.18755123019218445,0.0,0.0,9.59902536123991e-06,0.04897407442331314,0.00011515612277435139,5.247717854217626e-05,-0.6478168964385986,-0.19675222039222717,0.46515655517578125
PD+FF,1042,3.0,0.8,3.8,True,True,True,0.4799033128650915,0.05636050334969796,0.7125,5.75,1.9500000000000002,1.9500000000000002,0.5805562138557434,0.3773632049560547,0.0,0.0,3.4713681088760495e-05,0.09853117913007736,0.00020755064906552434,9.69594475463964e-05,-1.463887333869934,-0.25558269023895264,0.3728010952472687
PD+FF,1043,3.0,0.8,3.8,True,True,True,0.5919353022782118,0.06877985389821129,0.6925,6.15,2.3500000000000005,2.3500000000000005,0.7084802985191345,0.4605133831501007,0.0,0.0,5.141442670719698e-05,0.12024284899234772,0.00024746923008933663,0.0001160618630819954,-1.7490100860595703,-0.7958716750144958,0.31946444511413574
PD+FF,1044,3.0,0.8,3.8,True,True,True,0.6287387102417581,0.07202605945194501,0.6875,6.25,2.45,2.45,0.7419450283050537,0.4822564721107483,0.0,0.0,5.853848051629029e-05,0.1259283572435379,0.0002641025639604777,0.00012355433136690408,-1.981444239616394,0.7169352173805237,0.20961801707744598
PD+FF,1045,3.0,0.8,3.8,True,True,True,0.26733790802725343,0.030620144248176925,0.78,4.4,0.6000000000000005,0.6000000000000005,0.3154180347919464,0.2050139307975769,0.0,0.0,1.1762665963033214e-05,0.05353785678744316,0.00011021849059034139,5.239745223661885e-05,-0.7272861003875732,-0.39523494243621826,0.4158290922641754
PD+FF,1046,3.0,0.8,3.8,True,True,True,0.6482731136130114,0.0796947534795208,0.675,6.5,2.7,2.7,0.8206747174263,0.5335709452629089,0.0,0.0,5.90907184232492e-05,0.139199361205101,0.0002914360084105283,0.0001362562325084582,-1.868130087852478,0.6265861392021179,0.39649125933647156
PD+FF,1047,3.0,0.8,3.8,True,True,True,0.3628115341074997,0.04122143000737496,0.7475,5.050000000000001,1.2500000000000009,1.2500000000000009,0.42463231086730957,0.27600058913230896,0.0,0.0,2.0735566067742184e-05,0.0720755085349083,0.0001556852803332731,7.257489778567106e-05,-1.1699552536010742,-0.14992530643939972,0.29876548051834106
PD+FF,1048,3.0,0.8,3.8,True,True,True,0.3767479251082493,0.04361657099894057,0.7425,5.15,1.3500000000000005,1.3500000000000005,0.44928285479545593,0.2920304536819458,0.0,0.0,2.35064908338245e-05,0.07625482976436615,0.00014658145664725453,6.984992796787992e-05,-0.9076822996139526,-0.7630760073661804,0.4824531674385071
PD+FF,1049,3.0,0.8,3.8,True,True,True,0.5493230139156718,0.06728613702425328,0.695,6.1000000000000005,2.3000000000000007,2.3000000000000007,0.6929853558540344,0.4505033791065216,0.0,0.0,4.233619984006509e-05,0.11757297068834305,0.0002462250122334808,0.00011511964112287387,-1.6127384901046753,0.09402617067098618,0.43331217765808105
PD+FF,1050,3.0,0.8,3.8,True,True,True,0.4548223059548543,0.055179362072322234,0.715,5.7,1.9000000000000004,1.9000000000000004,0.5683473348617554,0.36945050954818726,0.0,0.0,3.0409803002839908e-05,0.09644411504268646,0.00020331730775069445,9.491355740465224e-05,-1.2507070302963257,-0.40418457984924316,0.49881017208099365
PD+FF,1051,3.0,0.8,3.8,True,True,True,0.29490662100526344,0.032415417476526424,0.7725,4.55,0.75,0.75,0.3339252173900604,0.21703843772411346,0.0,0.0,1.4155221833789255e-05,0.056682441383600235,0.00012083630281267688,5.633963883155957e-05,-0.8433747291564941,-0.6024307608604431,0.2584548592567444
PD+FF,1052,3.0,0.8,3.8,True,True,True,0.49975789623030903,0.058280354036592055,0.71,5.800000000000001,2.000000000000001,2.000000000000001,0.6003453731536865,0.3902234733104706,0.0,0.0,3.765979272429831e-05,0.10189162939786911,0.00020840950310230255,9.791534102987498e-05,-1.577463150024414,-0.03658809885382652,0.32490968704223633
PD+FF,1053,3.0,0.8,3.8,True,True,True,0.27500631484492544,0.03183457275306799,0.775,4.5,0.7000000000000002,0.7000000000000002,0.3279304504394531,0.21315030753612518,0.0,0.0,1.2536074791569263e-05,0.055659566074609756,0.00010727706830948591,5.087867612019181e-05,-0.7320424914360046,-0.38764455914497375,0.44851720333099365
PD+FF,1054,3.0,0.8,3.8,True,True,True,0.6584983665750709,0.07928818573942749,0.6775,6.45,2.6500000000000004,2.6500000000000004,0.8166049718856812,0.5308576822280884,0.0,0.0,6.0436268540797755e-05,0.13855290412902832,0.00028271053452044725,0.000132632369059138,-1.9604523181915283,0.6108824014663696,0.3443475067615509
PD+FF,1055,3.0,0.8,3.8,True,True,True,0.33675974518822926,0.037551202702771784,0.7575,4.8500000000000005,1.0500000000000007,1.0500000000000007,0.38683149218559265,0.25142723321914673,0.0,0.0,1.8576913134893402e-05,0.06566174328327179,0.0001320888113696128,6.212029984453693e-05,-0.8035520911216736,-0.8197364807128906,0.37500709295272827
PD+FF,1056,3.0,0.8,3.8,True,True,True,0.2769785872953003,0.030409311590126706,0.78,4.4,0.6000000000000005,0.6000000000000005,0.3132621645927429,0.2036074995994568,0.0,0.0,1.2716613127849996e-05,0.053175315260887146,0.00011557671678019688,5.373289968702011e-05,-0.6173267960548401,-0.7547652125358582,0.33817118406295776
PD+FF,1057,3.0,0.8,3.8,True,True,True,0.43474131599386123,0.04990828777694656,0.7275,5.45,1.6500000000000004,1.6500000000000004,0.5141234993934631,0.3341716229915619,0.0,0.0,2.9569237085524946e-05,0.08726274967193604,0.000182163727004081,8.515080844517797e-05,-1.4013786315917969,-0.020997419953346252,0.2980625629425049
PD+FF,1058,3.0,0.8,3.8,True,True,True,0.6532468968169249,0.07819576565863119,0.6775,6.45,2.6500000000000004,2.6500000000000004,0.8053792715072632,0.5235458612442017,0.0,0.0,5.978875560685992e-05,0.1366572380065918,0.0002922954154200852,0.00013635255163535476,-1.9344123601913452,-0.6835842132568359,0.34246277809143066
PD+FF,1059,3.0,0.8,3.8,True,True,True,0.426962278415456,0.04911864221936293,0.7275,5.45,1.6500000000000004,1.6500000000000004,0.5059767961502075,0.3288781940937042,0.0,0.0,2.8747317628585733e-05,0.08587916195392609,0.00018867920152842999,8.777490438660607e-05,-1.3239208459854126,-0.34795770049095154,0.3298633396625519
PD+FF,1060,3.0,0.8,3.8,True,True,True,0.2901477546887885,0.03248053927620277,0.7725,4.55,0.75,0.75,0.33459270000457764,0.21747486293315887,0.0,0.0,1.4292174455476925e-05,0.05679398030042648,0.00012813408102374524,5.9149340813746676e-05,-0.5232435464859009,-0.8263487219810486,0.4775193929672241
PD+FF,1061,3.0,0.8,3.8,True,True,True,0.3303860832399169,0.03732375350330705,0.7575,4.8500000000000005,1.0500000000000007,1.0500000000000007,0.38448455929756165,0.24990426003932953,0.0,0.0,1.7239835869986564e-05,0.06526187807321548,0.00013387748913373798,6.284317350946367e-05,-1.0766786336898804,0.09924349933862686,0.28927016258239746
PD+FF,1062,3.0,0.8,3.8,True,True,True,0.3825873229576329,0.04415478900745685,0.74,5.2,1.4000000000000004,1.4000000000000004,0.45483309030532837,0.29563674330711365,0.0,0.0,2.381981903454289e-05,0.07719775289297104,0.00016409714589826763,7.677330722799525e-05,-1.020176649093628,-0.6513675451278687,0.4292861223220825
PD+FF,1063,3.0,0.8,3.8,True,True,True,0.23129824821819553,0.025239832871270802,0.7975,4.05,0.25,0.25,0.26000916957855225,0.16899500787258148,0.0,0.0,8.913442798075266e-06,0.04413604736328125,9.843734005698934e-05,4.5723849325440824e-05,-0.5567145943641663,0.6067063212394714,0.2895512878894806
PD+FF,1064,3.0,0.8,3.8,True,True,True,0.4905050949248765,0.05602645934181502,0.715,5.7,1.9000000000000004,1.9000000000000004,0.5771425366401672,0.3751327693462372,0.0,0.0,3.742696571862325e-05,0.09795931726694107,0.00021072568779345602,9.822618449106812e-05,-1.6129041910171509,-0.13716638088226318,0.24278511106967926
PD+FF,1065,3.0,0.8,3.8,True,True,True,0.2396537961060034,0.02704005438352385,0.7925,4.15,0.35000000000000053,0.35000000000000053,0.27855363488197327,0.1810523420572281,0.0,0.0,9.807103197090328e-06,0.04728120565414429,9.42198239499703e-05,4.44610086560715e-05,-0.5033138990402222,-0.5932050347328186,0.453745573759079
PD+FF,1066,3.0,0.8,3.8,True,True,True,0.41383568925181907,0.04631369719264279,0.735,5.300000000000001,1.5000000000000009,1.5000000000000009,0.4770963788032532,0.3100978434085846,0.0,0.0,2.68844287347747e-05,0.08098261058330536,0.00017233905964531004,8.093606447800994e-05,-1.3762075901031494,0.32575497031211853,0.20805609226226807
PD+FF,1067,3.0,0.8,3.8,True,True,True,0.29352808191791896,0.031590575022686,0.775,4.5,0.7000000000000002,0.7000000000000002,0.3254373371601105,0.21151895821094513,0.0,0.0,1.4271568034018856e-05,0.0552433617413044,0.0001142260298365727,5.330228304956108e-05,-0.6176835894584656,0.9055254459381104,0.20151829719543457
PD+FF,1068,3.0,0.8,3.8,True,True,True,0.2682576011705865,0.029416955904522684,0.7825,4.3500000000000005,0.5500000000000007,0.5500000000000007,0.3030467629432678,0.19696803390979767,0.0,0.0,1.1756835192500148e-05,0.05144129693508148,0.00011126467143185437,5.192169192014262e-05,-0.7787961959838867,0.5352519750595093,0.25048118829727173
PD+FF,1069,3.0,0.8,3.8,True,True,True,0.26529693035622964,0.028589235422632243,0.785,4.3,0.5,0.5,0.29451513290405273,0.1914207488298416,0.0,0.0,1.1726197044481523e-05,0.04999436438083649,0.00010691234638215974,4.9800222768681124e-05,-0.5076419115066528,0.8446078896522522,0.24751581251621246
PD+FF,1070,3.0,0.8,3.8,True,True,True,0.5599782468408862,0.06313169379720877,0.7025,5.95,2.1500000000000004,2.1500000000000004,0.6503316164016724,0.42270100116729736,0.0,0.0,4.935185279464349e-05,0.11038414388895035,0.00023688009241595864,0.00011019108205800876,-1.6644020080566406,0.9533751606941223,0.22921264171600342
PD+FF,1071,3.0,0.8,3.8,True,True,True,0.5394969834954916,0.06156655134587135,0.705,5.9,2.1000000000000005,2.1000000000000005,0.634203314781189,0.4122222065925598,0.0,0.0,4.52749700343702e-05,0.10764377564191818,0.0002313453733222559,0.00010782953904708847,-1.6379417181015015,0.7469041347503662,0.26974478363990784
PD+FF,1072,3.0,0.8,3.8,True,True,True,0.43197695124103247,0.051525963632900136,0.7225,5.550000000000001,1.7500000000000009,1.7500000000000009,0.5307415723800659,0.3449888825416565,0.0,0.0,2.8289341571507975e-05,0.0900731086730957,0.00019794172840192914,9.180877532344311e-05,-1.22187077999115,0.3675197660923004,0.4661308228969574
PD+FF,1073,3.0,0.8,3.8,True,True,True,0.5405926625707073,0.06289397715037055,0.7025,5.95,2.1500000000000004,2.1500000000000004,0.6478607654571533,0.42111095786094666,0.0,0.0,4.39871619164478e-05,0.10995446145534515,0.0002276652230648324,0.00010672556527424604,-1.5133368968963623,0.8512749075889587,0.3800120949745178
PD+FF,1074,3.0,0.8,3.8,True,True,True,0.20793070482339013,0.024387917637122853,0.8025,3.95,0.15000000000000036,0.15000000000000036,0.2512163519859314,0.16328804194927216,0.0,0.0,7.5296002250979654e-06,0.042638350278139114,7.351629028562456e-05,3.526997898006812e-05,-0.5001789927482605,-0.2884053587913513,0.4962819218635559
PD+FF,1075,3.0,0.8,3.8,True,True,True,0.3440554481920926,0.037394961577372876,0.7575,4.8500000000000005,1.0500000000000007,1.0500000000000007,0.385234534740448,0.2503851056098938,0.0,0.0,1.9333478121552616e-05,0.0653933733701706,0.00013700459385290742,6.408947228919715e-05,-0.8189709782600403,0.9466501474380493,0.23914383351802826
PD+FF,1076,3.0,0.8,3.8,True,True,True,0.5157373739705436,0.062056241564095824,0.7025,5.95,2.1500000000000004,2.1500000000000004,0.6391679644584656,0.41548722982406616,0.0,0.0,3.856887633446604e-05,0.10846163332462311,0.00023655070981476456,0.00010944517271127552,-1.445397138595581,-0.562984049320221,0.45283621549606323
PD+FF,1077,3.0,0.8,3.8,True,True,True,0.2956124075617956,0.03202987334494517,0.775,4.5,0.7000000000000002,0.7000000000000002,0.32996565103530884,0.2144625186920166,0.0,0.0,1.443693781766342e-05,0.05601171404123306,0.0001169413881143555,5.4733125580241904e-05,-0.6151338219642639,-0.8893533945083618,0.2694230377674103
PD+FF,1078,3.0,0.8,3.8,True,True,True,0.2609063637786605,0.028289679586246813,0.7875,4.25,0.4500000000000002,0.4500000000000002,0.2914358973503113,0.18941986560821533,0.0,0.0,1.1276782061031554e-05,0.04947134107351303,0.00010329369979444891,4.8329835408367217e-05,-0.6580581068992615,-0.6858707666397095,0.23459486663341522
PD+FF,1079,3.0,0.8,3.8,True,True,True,0.31366713314393246,0.03532414795179646,0.765,4.7,0.9000000000000004,0.9000000000000004,0.3638764023780823,0.23650947213172913,0.0,0.0,1.6631787730148062e-05,0.06176385655999184,0.00011935032671317458,5.671015605912544e-05,-0.5874135494232178,0.8651593327522278,0.4896434247493744
PD+FF,1080,3.0,0.8,3.8,True,True,True,0.27803622762050056,0.0307900355736869,0.7775,4.45,0.6500000000000004,0.6500000000000004,0.31719303131103516,0.20616327226161957,0.0,0.0,1.2818959476135205e-05,0.053841978311538696,0.00011219934822292998,5.2481191232800484e-05,-0.6397119164466858,0.7102972865104675,0.367546945810318
PD+FF,1081,3.0,0.8,3.8,True,True,True,0.4687320894500338,0.052876036477635176,0.72,5.6000000000000005,1.8000000000000007,1.8000000000000007,0.5446856617927551,0.35403236746788025,0.0,0.0,3.494822885841131e-05,0.09245292842388153,0.0001890808780444786,8.883772534318268e-05,-1.3320256471633911,0.8601993322372437,0.3006768822669983
PD+FF,1082,3.0,0.8,3.8,True,True,True,0.30737216243375903,0.034657966401766487,0.765,4.7,0.9000000000000004,0.9000000000000004,0.35701480507850647,0.2320498824119568,0.0,0.0,1.5076806448632851e-05,0.060599226504564285,0.00011980656563537195,5.645074270432815e-05,-0.9581221342086792,-0.30673766136169434,0.3117980659008026
PD+FF,1083,3.0,0.8,3.8,True,True,True,0.442899450343529,0.04944927297049575,0.7275,5.45,1.6500000000000004,1.6500000000000004,0.5093997716903687,0.33109399676322937,0.0,0.0,3.1011815735837445e-05,0.08646588772535324,0.00018274146714247763,8.497077214997262e-05,-1.3940625190734863,0.6289385557174683,0.21643398702144623
PD+FF,1084,3.0,0.8,3.8,True,True,True,0.3397060477568,0.037877259064699034,0.7575,4.8500000000000005,1.0500000000000007,1.0500000000000007,0.3901953101158142,0.25361356139183044,0.0,0.0,1.901633368106559e-05,0.06623273342847824,0.000146124220918864,6.822607974754646e-05,-0.7371216416358948,-0.8951173424720764,0.4071005880832672
PD+FF,1085,3.0,0.8,3.8,True,True,True,0.24679995772926422,0.028554669587080576,0.785,4.3,0.5,0.5,0.29413896799087524,0.1911841630935669,0.0,0.0,9.962142939912155e-06,0.0499253086745739,0.00010809740342665464,5.0758822908392176e-05,-0.7224554419517517,-0.08529454469680786,0.4138740301132202
PD+FF,1086,3.0,0.8,3.8,True,True,True,0.31556724039892636,0.035816484084748725,0.7625,4.75,0.9500000000000002,0.9500000000000002,0.3689526319503784,0.2398109883069992,0.0,0.0,1.6520525605301373e-05,0.0626242533326149,0.00012382064596749842,5.8425994211575016e-05,-0.7490203976631165,-0.7008727788925171,0.4387705326080322
PD+FF,1087,3.0,0.8,3.8,True,True,True,0.45770729383322417,0.051782500060035215,0.7225,5.550000000000001,1.7500000000000009,1.7500000000000009,0.5334138870239258,0.34670764207839966,0.0,0.0,3.343509524711408e-05,0.0905388593673706,0.00018283406097907573,8.597030682722107e-05,-1.2718281745910645,-0.8616007566452026,0.3274095356464386
PD+FF,1088,3.0,0.8,3.8,True,True,True,0.4618386620338131,0.05359236742030595,0.72,5.6000000000000005,1.8000000000000007,1.8000000000000007,0.5520533323287964,0.35883235931396484,0.0,0.0,3.389583798707463e-05,0.093696229159832,0.0001964550174307078,9.17083234526217e-05,-1.148199200630188,-0.9221230149269104,0.4605681300163269
PD+FF,1089,3.0,0.8,3.8,True,True,True,0.6330501683502961,0.07679341748492298,0.68,6.4,2.6000000000000005,2.6000000000000005,0.7908822894096375,0.5141509175300598,0.0,0.0,5.616147245746106e-05,0.13417884707450867,0.0002724537334870547,0.00012807264283765107,-1.8535881042480469,0.5890284776687622,0.37915652990341187
PD+FF,1090,3.0,0.8,3.8,True,True,True,0.34630980013619495,0.03858085871517036,0.755,4.9,1.1000000000000005,1.1000000000000005,0.39744672179222107,0.258326917886734,0.0,0.0,1.9333780073793605e-05,0.06746350973844528,0.00014026748249307275,6.554728315677494e-05,-0.9845758080482483,-0.6573527455329895,0.30003631114959717
PD+FF,1091,3.0,0.8,3.8,True,True,True,0.6436303233197056,0.0773655561212592,0.68,6.4,2.6000000000000005,2.6000000000000005,0.7968240976333618,0.5179939866065979,0.0,0.0,5.8161404012935236e-05,0.13519957661628723,0.00029109674505889416,0.00013583402324002236,-1.8845704793930054,-0.6914018392562866,0.36124923825263977
PD+FF,1092,3.0,0.8,3.8,True,True,True,0.6331682220463114,0.0754484100459431,0.6825,6.3500000000000005,2.5500000000000007,2.5500000000000007,0.7771168351173401,0.5051573514938354,0.0,0.0,5.54264806851279e-05,0.13187244534492493,0.00028556931647472084,0.00013313013187143952,-1.9696727991104126,-0.2278679758310318,0.31251582503318787
PD+FF,1093,3.0,0.8,3.8,True,True,True,0.299964137313207,0.03504350651443787,0.765,4.7,0.9000000000000004,0.9000000000000004,0.36098620295524597,0.23463718593120575,0.0,0.0,1.4600793292629533e-05,0.06126929074525833,0.00012898884597234428,5.957044049864635e-05,-0.8791002631187439,0.07968070358037949,0.43002596497535706
PD+FF,1094,3.0,0.8,3.8,True,True,True,0.30454369663076114,0.03355226502467104,0.77,4.6000000000000005,0.8000000000000007,0.8000000000000007,0.34563690423965454,0.22465020418167114,0.0,0.0,1.5016187717264984e-05,0.05867055803537369,0.000124889294966124,5.815880649606697e-05,-0.9031349420547485,-0.5643354058265686,0.2514164447784424
PD+FF,1095,3.0,0.8,3.8,True,True,True,0.41692549936559825,0.047430642183830314,0.7325,5.3500000000000005,1.5500000000000007,1.5500000000000007,0.4885913133621216,0.3175736367702484,0.0,0.0,2.7392059564590454e-05,0.08293089270591736,0.0001683527952991426,7.908974657766521e-05,-1.3096781969070435,-0.4019305408000946,0.2943161725997925
PD+FF,1096,3.0,0.8,3.8,True,True,True,0.2641185935232068,0.028610247656023394,0.785,4.3,0.5,0.5,0.29473572969436646,0.19156453013420105,0.0,0.0,1.1600812285905704e-05,0.05003156140446663,0.00010160869715036824,4.779070877702907e-05,-0.5565752387046814,0.7886120080947876,0.27283963561058044
PD+FF,1097,3.0,0.8,3.8,True,True,True,0.3989111124566739,0.04532156628545795,0.7375,5.25,1.4500000000000002,1.4500000000000002,0.466866672039032,0.3034527599811554,0.0,0.0,2.4918925191741437e-05,0.07924377918243408,0.00015787591109983623,7.428725803038105e-05,-1.3080552816390991,0.037033263593912125,0.27344202995300293
PD+FF,1098,3.0,0.8,3.8,True,True,True,0.4292992554836569,0.0515100972496777,0.7225,5.550000000000001,1.7500000000000009,1.7500000000000009,0.5305724740028381,0.34488290548324585,0.0,0.0,2.761723953881301e-05,0.09004203230142593,0.00017440140072721988,8.2778038631659e-05,-1.2224541902542114,-0.25077617168426514,0.4742331802845001
PD+FF,1099,3.0,0.8,3.8,True,True,True,0.6337113271574152,0.07755371473700667,0.68,6.4,2.6000000000000005,2.6000000000000005,0.7986903190612793,0.5192431807518005,0.0,0.0,5.538362529478036e-05,0.13549289107322693,0.0002819668152369559,0.0001319182920269668,-1.9130916595458984,0.09447009861469269,0.36984628438949585
Direct PPO,1000,3.0,0.8,3.8,True,True,True,0.3448320291439876,0.005328829122044017,0.8475,3.0500000000000003,4.440892098500626e-16,4.440892098500626e-16,0.05784634128212929,0.015404284931719303,0.005305767059326172,0.005305767059326172,0.0030366708524525166,0.5646498799324036,0.0053661591373384,5.126005817146506e-06,-1.2179213762283325,0.20768369734287262,0.34128254652023315
Direct PPO,1001,3.0,0.8,3.8,True,True,True,0.34040450989564053,0.002729178076439044,0.8675,2.6500000000000004,4.440892098500626e-16,4.440892098500626e-16,0.05880317464470863,0.017074372619390488,0.006179869174957275,0.0011944770812988281,0.0032216061372309923,0.555042564868927,0.002388235880061984,1.1925105525278923e-07,-1.0811076164245605,-0.9685990810394287,0.25630688667297363
Direct PPO,1002,3.0,0.8,3.8,True,True,True,0.45800688939166945,0.028579691805029957,0.725,5.5,1.7000000000000002,1.7000000000000002,0.3039841651916504,0.32218682765960693,0.3219538927078247,0.3219538927078247,0.012505734339356422,2.000002384185791,0.008450527675449848,3.2426466987089952e-06,-1.428768277168274,-0.28562131524086,0.4242836833000183
Direct PPO,1003,3.0,0.8,3.8,True,True,True,0.5366281269037015,0.03948675467868831,0.7125,5.75,1.9500000000000002,1.9500000000000002,0.3611040413379669,0.377036452293396,0.3769751787185669,0.3769751787185669,0.012555844150483608,2.000227212905884,0.0056470297276973724,7.805738277966157e-07,-1.7183640003204346,-0.48658838868141174,0.34840381145477295
Direct PPO,1004,3.0,0.8,3.8,True,True,True,0.6144343154948854,0.09366397366221677,0.68,6.4,2.6000000000000005,2.6000000000000005,0.3155684769153595,0.5940858125686646,0.594062328338623,0.594062328338623,0.012695916928350925,2.002875566482544,0.002281350316479802,2.8937276397300593e-07,-1.998679280281067,-0.7396973967552185,0.24154320359230042
Direct PPO,1005,3.0,0.8,3.8,True,True,True,0.5913270061310761,0.06865635830312132,0.6925,6.15,2.3500000000000005,2.3500000000000005,0.3354339003562927,0.5065624117851257,0.5065615177154541,0.5065615177154541,0.012695541605353355,2.0056850910186768,0.003192853182554245,5.960531325399643e-06,-1.8766711950302124,0.8611240983009338,0.28618520498275757
Direct PPO,1006,3.0,0.8,3.8,True,True,True,0.41905989428438334,0.004161832692172573,0.835,3.3000000000000003,4.440892098500626e-16,4.440892098500626e-16,0.08004020154476166,0.03384001925587654,0.028706073760986328,0.028706073760986328,0.004322496242821217,0.6438538432121277,0.003312965389341116,1.5795361605341895e-06,-1.4946178197860718,0.20171388983726501,0.28934937715530396
Direct PPO,1007,3.0,0.8,3.8,True,True,True,0.62469916642536,0.00776271374132288,0.78,4.4,0.6000000000000005,0.6000000000000005,0.6727544665336609,0.19172726571559906,0.007414340972900391,0.007414340972900391,0.0034682287368923426,0.5921971797943115,0.00736330496147275,7.539994385297177e-06,-1.8931626081466675,0.6319606900215149,0.39287856221199036
Direct PPO,1008,3.0,0.8,3.8,True,True,True,0.5110009464076889,0.00805261242822463,0.785,4.5,0.7000000000000002,0.7000000000000002,0.17790129780769348,0.11661985516548157,0.11284184455871582,0.11284184455871582,0.01013103872537613,1.5314809083938599,0.002566141076385975,5.67168683573982e-07,-1.749120831489563,0.6261014938354492,0.26522985100746155
Direct PPO,1009,3.0,0.8,3.8,True,True,True,0.539154257918853,0.008642018515525549,0.7775,4.7,0.9000000000000004,0.9000000000000004,0.17802023887634277,0.14701102674007416,0.1446237564086914,0.1446237564086914,0.010867535136640072,1.567441701889038,0.0027452558279037476,1.8214560668639024e-06,-1.9152493476867676,-0.3461688160896301,0.2149554342031479
Direct PPO,1010,3.0,0.8,3.8,True,True,True,0.6519126595435404,0.01916213058472986,0.7625,4.75,0.9500000000000002,0.9500000000000002,0.8874287009239197,0.4686541259288788,0.009840965270996094,0.009840965270996094,0.0011234234552830458,0.23625533282756805,0.009961698204278946,1.0385309678895283e-06,-1.8575115203857422,0.07161146402359009,0.4753030240535736
Direct PPO,1011,3.0,0.8,3.8,True,True,True,0.4357959045195203,0.003785949706301203,0.8325,3.35,4.440892098500626e-16,4.440892098500626e-16,0.07697644829750061,0.044052500277757645,0.04068446159362793,0.04068446159362793,0.004747763741761446,0.71161288022995,0.0025323410518467426,3.57806641204661e-07,-1.57381272315979,0.12664707005023956,0.26378002762794495
Direct PPO,1012,3.0,0.8,3.8,True,True,True,0.4392516555998291,0.0037966344045281485,0.835,3.3000000000000003,4.440892098500626e-16,4.440892098500626e-16,0.08523205667734146,0.03998594731092453,0.03429126739501953,0.03429126739501953,0.004620787687599659,0.6664157509803772,0.0027321430388838053,2.5332019504276104e-06,-1.5405192375183105,0.561293363571167,0.2715309262275696
Direct PPO,1013,3.0,0.8,3.8,True,True,True,0.2857711039455329,0.007223777225612943,0.8725,2.5500000000000003,4.440892098500626e-16,4.440892098500626e-16,0.060763806104660034,0.014808312058448792,0.00766754150390625,0.00766754150390625,0.0026630647480487823,0.4113115668296814,0.007667941506952047,7.094183729350334e-06,-0.8082606196403503,-0.8420410752296448,0.401797890663147
Direct PPO,1014,3.0,0.8,3.8,True,True,True,0.4448065210013893,0.021594410112247765,0.745,5.1000000000000005,1.3000000000000007,1.3000000000000007,0.361014187335968,0.20328809320926666,0.2025012969970703,0.2025012969970703,0.010984868742525578,1.8918787240982056,0.009804410859942436,4.17702722188551e-07,-1.3467140197753906,0.1714046150445938,0.4693894386291504
Direct PPO,1015,3.0,0.8,3.8,True,True,True,0.4543634835226224,0.024418974068672515,0.7275,5.45,1.6500000000000004,1.6500000000000004,0.24372084438800812,0.3170187771320343,0.3166921138763428,0.3166921138763428,0.011663598008453846,1.9188255071640015,0.007342898286879063,5.246513865131419e-06,-1.4601455926895142,0.21413566172122955,0.39239153265953064
Direct PPO,1016,3.0,0.8,3.8,True,True,True,0.4822068572212656,0.01141642997079331,0.7775,4.7,0.9000000000000004,0.9000000000000004,0.19333437085151672,0.14962661266326904,0.1470874547958374,0.1470874547958374,0.009595852345228195,1.648124098777771,0.003945091739296913,6.878067324578296e-07,-1.6580126285552979,-0.11461202055215836,0.3060871958732605
Direct PPO,1017,3.0,0.8,3.8,True,True,True,0.23547941688846985,0.010430558276833516,0.865,2.7,4.440892098500626e-16,4.440892098500626e-16,0.0889614075422287,0.030879314988851547,0.010202407836914062,0.010202407836914062,0.00110055529512465,0.2919853627681732,0.010381534695625305,4.142596935707843e-06,-0.62247234582901,0.6426637768745422,0.4917738139629364
Direct PPO,1018,3.0,0.8,3.8,True,True,True,0.35046273254362026,0.010284742851426833,0.805,3.9000000000000004,0.10000000000000053,0.10000000000000053,0.14502400159835815,0.03751707077026367,0.01652538776397705,0.01652538776397705,0.0040318313986063,0.9357323050498962,0.00959000363945961,4.023338988190517e-06,-1.1090368032455444,-0.0900818482041359,0.4614541530609131
Direct PPO,1019,3.0,0.8,3.8,True,True,True,0.5147810038642416,0.053312220620947814,0.7025,5.95,2.1500000000000004,2.1500000000000004,0.29301270842552185,0.45910248160362244,0.45908522605895996,0.45908522605895996,0.012726644054055214,2.000013589859009,0.0053128814324736595,1.3115624142301385e-06,-1.674609661102295,-0.20800989866256714,0.34006524085998535
Direct PPO,1020,3.0,0.8,3.8,True,True,True,0.2906017891922802,0.002613755259344078,0.8675,2.6500000000000004,4.440892098500626e-16,4.440892098500626e-16,0.015634819865226746,0.005460220854729414,0.021298885345458984,0.001520693302154541,0.003323619021102786,0.6589163541793823,0.002531878650188446,9.983797326640342e-07,-1.1319496631622314,-0.4326494336128235,0.2227078378200531
Direct PPO,1021,3.0,0.8,3.8,True,True,True,0.5211853024671962,0.01064520996957076,0.785,4.3,0.5,0.5,0.5358088612556458,0.14184784889221191,0.010310173034667969,0.010310173034667969,0.004208126105368137,0.6991358995437622,0.010512806475162506,2.1758535240223864e-06,-1.4384177923202515,-0.8382971882820129,0.49743902683258057
Direct PPO,1022,3.0,0.8,3.8,True,True,True,0.6675229109446619,0.007882489630552077,0.7775,4.45,0.6500000000000004,0.6500000000000004,0.7304788827896118,0.23531830310821533,0.006756782531738281,0.006756782531738281,0.0029224168974906206,0.5741186738014221,0.006766035221517086,4.262097718310542e-06,-1.999210000038147,0.8368335366249084,0.37694433331489563
Direct PPO,1023,3.0,0.8,3.8,True,True,True,0.5252432130287901,0.012104754394432506,0.785,4.3,0.5,0.5,0.5179135799407959,0.10435355454683304,0.04198455810546875,0.04198455810546875,0.005212837364524603,0.9064687490463257,0.00989964883774519,9.002799856716592e-07,-1.4916963577270508,0.8117974996566772,0.4728805720806122
Direct PPO,1024,3.0,0.8,3.8,True,True,True,0.4418679250237705,0.005340646947046663,0.81,3.8000000000000003,4.440892098500626e-16,4.440892098500626e-16,0.10998379439115524,0.0410500131547451,0.03675413131713867,0.03675413131713867,0.006331492215394974,0.9683576822280884,0.004143296275287867,4.769819383909635e-07,-1.51630699634552,-0.48329436779022217,0.3110935389995575
Direct PPO,1025,3.0,0.8,3.8,True,True,True,0.18844512704573327,0.0022159582205258516,0.89,2.2,4.440892098500626e-16,4.440892098500626e-16,0.024773646146059036,0.005835233721882105,0.001991748809814453,0.001991748809814453,0.002965943654999137,0.5958549380302429,0.0023024920374155045,3.516674041748047e-06,-0.7683239579200745,0.258014976978302,0.24864348769187927
Direct PPO,1026,3.0,0.8,3.8,True,True,True,0.4934908682426565,0.006481711621562021,0.795,4.3500000000000005,0.5500000000000007,0.5500000000000007,0.155379056930542,0.09517921507358551,0.09094929695129395,0.09094929695129395,0.009722854010760784,1.4670172929763794,0.002425080630928278,3.2783243568701437e-06,-1.7438942193984985,0.19023452699184418,0.2583710551261902
Direct PPO,1027,3.0,0.8,3.8,True,True,True,0.6260237725042738,0.00908956319073048,0.7775,4.45,0.6500000000000004,0.6500000000000004,0.6655834913253784,0.1672937273979187,0.04051077365875244,0.04051077365875244,0.004420320503413677,0.7149562835693359,0.006482445634901524,3.963757535530021e-06,-1.9580382108688354,0.12429128587245941,0.36954861879348755
Direct PPO,1028,3.0,0.8,3.8,True,True,True,0.22242437101403648,0.007481111659030294,0.875,2.5,4.440892098500626e-16,4.440892098500626e-16,0.04734690114855766,0.015240957029163837,0.007702350616455078,0.007702350616455078,0.0024272159207612276,0.38387927412986755,0.007702414877712727,1.7317776155323372e-06,-0.7757433652877808,-0.22796711325645447,0.4025936424732208
Direct PPO,1029,3.0,0.8,3.8,True,True,True,0.21176024506933094,0.0025608529679663813,0.8875,2.25,4.440892098500626e-16,4.440892098500626e-16,0.04937256500124931,0.011699794791638851,0.004125833511352539,0.004125833511352539,0.0029384044464677572,0.5023524165153503,0.0027509417850524187,3.1143524665822042e-06,-0.7448340058326721,0.6458722352981567,0.214758962392807
Direct PPO,1030,3.0,0.8,3.8,True,True,True,0.5791752079092763,0.009980466063928141,0.7825,4.3500000000000005,0.5500000000000007,0.5500000000000007,0.5793032050132751,0.14108073711395264,0.01818215847015381,0.01818215847015381,0.004523735027760267,0.8152051568031311,0.009069109335541725,7.152560215217818e-07,-1.6447029113769531,-0.9496257901191711,0.4438457489013672
Direct PPO,1031,3.0,0.8,3.8,True,True,True,0.33395231876205744,0.007725744792723779,0.855,2.9000000000000004,4.440892098500626e-16,4.440892098500626e-16,0.09725718200206757,0.0311529953032732,0.007596492767333984,0.007596492767333984,0.002374509582296014,0.3437858819961548,0.007569815032184124,5.5730502026563045e-06,-0.9611496329307556,0.9009804725646973,0.39864641427993774
Direct PPO,1032,3.0,0.8,3.8,True,True,True,0.2396972775193759,0.01020655492468396,0.87,2.6,4.440892098500626e-16,4.440892098500626e-16,0.0748479887843132,0.026223378255963326,0.010337352752685547,0.010337352752685547,0.0012715270277112722,0.2917013168334961,0.010546112433075905,8.647544404993823e-07,-0.6833899617195129,-0.5306191444396973,0.49894750118255615
Direct PPO,1033,3.0,0.8,3.8,True,True,True,0.280041113141334,0.010077233134951433,0.8575,2.85,4.440892098500626e-16,4.440892098500626e-16,0.1009749323129654,0.034253694117069244,0.009867191314697266,0.009867191314697266,0.0013732396764680743,0.33935293555259705,0.0099863912910223,1.2171994967502542e-07,-0.7577928304672241,0.7459949851036072,0.4761985242366791
Direct PPO,1034,3.0,0.8,3.8,True,True,True,0.17622729595377964,0.002787276752550979,0.89,2.2,4.440892098500626e-16,4.440892098500626e-16,0.05171135440468788,0.014890030957758427,0.0,0.0,0.002999229123815894,0.5150842070579529,0.002518656197935343,3.3080762023018906e-06,-0.5296080112457275,-0.6777904629707336,0.22327283024787903
Direct PPO,1035,3.0,0.8,3.8,True,True,True,0.49356774911781515,0.019779838136797363,0.7475,5.050000000000001,1.2500000000000009,1.2500000000000009,0.43318310379981995,0.17506995797157288,0.17414796352386475,0.17414796352386475,0.00888030230998993,1.6095763444900513,0.008851256221532822,5.836014906890341e-07,-1.5201642513275146,-0.23973245918750763,0.436818927526474
Direct PPO,1036,3.0,0.8,3.8,True,True,True,0.4797309971500549,0.016457212775123527,0.7475,5.050000000000001,1.2500000000000009,1.2500000000000009,0.22143852710723877,0.21758641302585602,0.21638202667236328,0.21638202667236328,0.010386552661657333,1.7799559831619263,0.00567216519266367,1.7604206732357852e-06,-1.558912754058838,0.6018440127372742,0.34900519251823425
Direct PPO,1037,3.0,0.8,3.8,True,True,True,0.4779391190884721,0.041859772139657955,0.71,5.800000000000001,2.000000000000001,2.000000000000001,0.2647196650505066,0.4164784848690033,0.4164106845855713,0.4164106845855713,0.012736215256154537,1.9963481426239014,0.006981797982007265,2.713288949962589e-06,-1.5164998769760132,-0.3818822205066681,0.38270920515060425
Direct PPO,1038,3.0,0.8,3.8,True,True,True,0.46287879575139884,0.005601758556898245,0.8075,3.85,0.050000000000000266,0.050000000000000266,0.11686212569475174,0.040080174803733826,0.03704237937927246,0.03704237937927246,0.006479769945144653,1.0409876108169556,0.004430836997926235,5.394223990151659e-06,-1.5098652839660645,-0.8029577136039734,0.31811848282814026
Direct PPO,1039,3.0,0.8,3.8,True,True,True,0.1870914725371686,0.006214497217626373,0.8875,2.25,4.440892098500626e-16,4.440892098500626e-16,0.03592924401164055,0.010829721577465534,0.006327629089355469,0.006327629089355469,0.002549871103838086,0.44575685262680054,0.006347413640469313,2.9809169177497097e-07,-0.6960156559944153,-0.0387578122317791,0.3661683201789856
Direct PPO,1040,3.0,0.8,3.8,True,True,True,0.242536060299034,0.008091211282553688,0.875,2.5,4.440892098500626e-16,4.440892098500626e-16,0.07119105756282806,0.023408686742186546,0.00808858871459961,0.00808858871459961,0.0019946713000535965,0.3149908483028412,0.008084730245172977,2.452025285037962e-07,-0.7547146081924438,0.5635512471199036,0.4134989380836487
Direct PPO,1041,3.0,0.8,3.8,True,True,True,0.20003321340482788,0.009454161370599927,0.88,2.4000000000000004,4.440892098500626e-16,4.440892098500626e-16,0.06035204231739044,0.021310947835445404,0.0095977783203125,0.0095977783203125,0.0014989817282184958,0.24033086001873016,0.009688613004982471,2.3890547140581475e-07,-0.6478168964385986,-0.19675222039222717,0.46515655517578125
Direct PPO,1042,3.0,0.8,3.8,True,True,True,0.4425892919096979,0.013836376231590624,0.7725,4.7,0.9000000000000004,0.9000000000000004,0.19792191684246063,0.15065620839595795,0.14839637279510498,0.14839637279510498,0.009782766923308372,1.7301324605941772,0.0066072228364646435,3.666313887151773e-06,-1.463887333869934,-0.25558269023895264,0.3728010952472687
Direct PPO,1043,3.0,0.8,3.8,True,True,True,0.5566831644841422,0.059368298683663806,0.6975,6.050000000000001,2.250000000000001,2.250000000000001,0.303615540266037,0.4794781506061554,0.47947657108306885,0.47947657108306885,0.012643154710531235,2.003532886505127,0.004477270413190126,1.7285348121731658e-06,-1.7490100860595703,-0.7958716750144958,0.31946444511413574
Direct PPO,1044,3.0,0.8,3.8,True,True,True,0.5755685504401963,0.013428504418708912,0.74,5.2,1.4000000000000004,1.4000000000000004,0.2242867797613144,0.24599970877170563,0.24493080377578735,0.24493080377578735,0.010190680623054504,1.6669789552688599,0.0029215191025286913,1.3288903346619918e-06,-1.981444239616394,0.7169352173805237,0.20961801707744598
Direct PPO,1045,3.0,0.8,3.8,True,True,True,0.2191652168151724,0.007872670875661666,0.8775,2.45,4.440892098500626e-16,4.440892098500626e-16,0.046776216477155685,0.014591910876333714,0.00815582275390625,0.00815582275390625,0.002262715483084321,0.36642932891845703,0.00816265307366848,1.2073545576640754e-06,-0.7272861003875732,-0.39523494243621826,0.4158290922641754
Direct PPO,1046,3.0,0.8,3.8,True,True,True,0.6167278225143789,0.008126771735640591,0.78,4.4,0.6000000000000005,0.6000000000000005,0.6588134765625,0.1809590756893158,0.008307218551635742,0.008307218551635742,0.0036223221104592085,0.6719227433204651,0.007492566015571356,5.900864380237181e-06,-1.868130087852478,0.6265861392021179,0.39649125933647156
Direct PPO,1047,3.0,0.8,3.8,True,True,True,0.3138471021600124,0.0035573657583799117,0.8575,2.85,4.440892098500626e-16,4.440892098500626e-16,0.025235522538423538,0.0060544973239302635,0.003334522247314453,0.003334522247314453,0.003177087754011154,0.638089656829834,0.003662761067971587,8.642675766168395e-07,-1.1699552536010742,-0.14992530643939972,0.29876548051834106
Direct PPO,1048,3.0,0.8,3.8,True,True,True,0.32534800346330417,0.009766400219048125,0.85,3.0,4.440892098500626e-16,4.440892098500626e-16,0.09808911383152008,0.03078838437795639,0.01000213623046875,0.01000213623046875,0.001771559240296483,0.40658822655677795,0.010146689601242542,4.819034415959322e-07,-0.9076822996139526,-0.7630760073661804,0.4824531674385071
Direct PPO,1049,3.0,0.8,3.8,True,True,True,0.5257882672371025,0.01493494971634912,0.775,4.75,0.9500000000000002,0.9500000000000002,0.5154702663421631,0.09948572516441345,0.09735417366027832,0.09735417366027832,0.00650832848623395,1.0927037000656128,0.00874396599829197,3.8160565054568e-06,-1.6127384901046753,0.09402617067098618,0.43331217765808105
Direct PPO,1050,3.0,0.8,3.8,True,True,True,0.42674396093443473,0.02033808089342492,0.755,4.9,1.1000000000000005,1.1000000000000005,0.3527805805206299,0.16967584192752838,0.16852641105651855,0.16852641105651855,0.009545203298330307,1.7217073440551758,0.010545325465500355,3.014100684595178e-06,-1.2507070302963257,-0.40418457984924316,0.49881017208099365
Direct PPO,1051,3.0,0.8,3.8,True,True,True,0.23390210412724172,0.0024795511545651146,0.885,2.3000000000000003,4.440892098500626e-16,4.440892098500626e-16,0.02778881974518299,0.008106240071356297,0.0013036727905273438,0.0013036727905273438,0.0030418718233704567,0.6061887145042419,0.002422279678285122,2.7418136596679688e-06,-0.8433747291564941,-0.6024307608604431,0.2584548592567444
Direct PPO,1052,3.0,0.8,3.8,True,True,True,0.460638589118409,0.009540123570526285,0.7875,4.45,0.6500000000000004,0.6500000000000004,0.17720972001552582,0.10597042739391327,0.10220813751220703,0.10220813751220703,0.009488941170275211,1.5982829332351685,0.004705279599875212,5.781741037935717e-06,-1.577463150024414,-0.03658809885382652,0.32490968704223633
Direct PPO,1053,3.0,0.8,3.8,True,True,True,0.22894639245425444,0.008910346734076896,0.8725,2.5500000000000003,4.440892098500626e-16,4.440892098500626e-16,0.059429045766592026,0.020257284864783287,0.009160041809082031,0.009160041809082031,0.001810329733416438,0.2837497293949127,0.009211558848619461,1.8477840058039874e-06,-0.7320424914360046,-0.38764455914497375,0.44851720333099365
Direct PPO,1054,3.0,0.8,3.8,True,True,True,0.6237636996035125,0.01723272932015429,0.7475,5.1000000000000005,1.3000000000000007,1.3000000000000007,0.5921423435211182,0.1545344591140747,0.15354347229003906,0.15354347229003906,0.006940761115401983,1.194880485534668,0.005492130294442177,7.600092885695631e-06,-1.9604523181915283,0.6108824014663696,0.3443475067615509
Direct PPO,1055,3.0,0.8,3.8,True,True,True,0.2754622008814727,0.006301439393394225,0.875,2.5,4.440892098500626e-16,4.440892098500626e-16,0.054800182580947876,0.012229876592755318,0.00667572021484375,0.00667572021484375,0.0028726798482239246,0.4740158021450043,0.006686813663691282,5.961183546787652e-07,-0.8035520911216736,-0.8197364807128906,0.37500709295272827
Direct PPO,1056,3.0,0.8,3.8,True,True,True,0.21778971477217202,0.00494755074796174,0.89,2.3000000000000003,4.440892098500626e-16,4.440892098500626e-16,0.051433686167001724,0.011367706581950188,0.005138874053955078,0.005138874053955078,0.002935724565759301,0.4664081037044525,0.005228648893535137,5.781652816949645e-06,-0.6173267960548401,-0.7547652125358582,0.33817118406295776
Direct PPO,1057,3.0,0.8,3.8,True,True,True,0.3888552142396604,0.004023310843687582,0.84,3.2,4.440892098500626e-16,4.440892098500626e-16,0.055312156677246094,0.020925534889101982,0.016933441162109375,0.016933441162109375,0.003593494649976492,0.5523059368133545,0.0036383401602506638,3.188851451341179e-06,-1.4013786315917969,-0.020997419953346252,0.2980625629425049
Direct PPO,1058,3.0,0.8,3.8,True,True,True,0.6176312844627829,0.019670978091323805,0.7375,5.25,1.4500000000000002,1.4500000000000002,0.5590449571609497,0.18888364732265472,0.18825507164001465,0.18825507164001465,0.007771762553602457,1.407188892364502,0.005409566219896078,1.4339807421492878e-06,-1.9344123601913452,-0.6835842132568359,0.34246277809143066
Direct PPO,1059,3.0,0.8,3.8,True,True,True,0.37843778050200155,0.004999976473852566,0.8425,3.1500000000000004,4.440892098500626e-16,4.440892098500626e-16,0.05723927170038223,0.01302457507699728,0.00718843936920166,0.00718843936920166,0.0037033790722489357,0.5959351062774658,0.004900949075818062,1.5199203744487022e-06,-1.3239208459854126,-0.34795770049095154,0.3298633396625519
Direct PPO,1060,3.0,0.8,3.8,True,True,True,0.23351754429588978,0.009486102170304272,0.87,2.6,4.440892098500626e-16,4.440892098500626e-16,0.06640340387821198,0.017297513782978058,0.009883880615234375,0.009883880615234375,0.0014268073718994856,0.290904700756073,0.010012060403823853,7.629442734469194e-06,-0.5232435464859009,-0.8263487219810486,0.4775193929672241
Direct PPO,1061,3.0,0.8,3.8,True,True,True,0.28228994934691154,0.0032783461926340616,0.865,2.7,4.440892098500626e-16,4.440892098500626e-16,0.027056680992245674,0.007450444623827934,0.003020763397216797,0.003020763397216797,0.0028192419558763504,0.5322882533073425,0.0033124499022960663,3.904104687535437e-06,-1.0766786336898804,0.09924349933862686,0.28927016258239746
Direct PPO,1062,3.0,0.8,3.8,True,True,True,0.3312123764267593,0.008242898974611104,0.85,3.0,4.440892098500626e-16,4.440892098500626e-16,0.07903016358613968,0.024594806134700775,0.008586883544921875,0.008586883544921875,0.002387921093031764,0.34616386890411377,0.008607127703726292,2.861313760149642e-06,-1.020176649093628,-0.6513675451278687,0.4292861223220825
Direct PPO,1063,3.0,0.8,3.8,True,True,True,0.17886890423755156,0.0033901078387149806,0.8875,2.25,4.440892098500626e-16,4.440892098500626e-16,0.054332707077264786,0.015262091532349586,0.003549933433532715,0.003549933433532715,0.0025403196923434734,0.4093274176120758,0.003319876966997981,1.192099261970725e-06,-0.5567145943641663,0.6067063212394714,0.2895512878894806
Direct PPO,1064,3.0,0.8,3.8,True,True,True,0.4411333906206021,0.0034588642105406633,0.8325,3.35,4.440892098500626e-16,4.440892098500626e-16,0.06224736198782921,0.04640727862715721,0.04442077875137329,0.04442077875137329,0.004950212314724922,0.6750234365463257,0.0022805477492511272,2.981806233037787e-07,-1.6129041910171509,-0.13716638088226318,0.24278511106967926
Direct PPO,1065,3.0,0.8,3.8,True,True,True,0.18816692534267804,0.0089613784204374,0.8925,2.15,4.440892098500626e-16,4.440892098500626e-16,0.04842573404312134,0.01311708427965641,0.009298324584960938,0.009298324584960938,0.001576719107106328,0.25754883885383606,0.009361084550619125,2.6845407319342485e-06,-0.5033138990402222,-0.5932050347328186,0.453745573759079
Direct PPO,1066,3.0,0.8,3.8,True,True,True,0.35668631327558203,0.0029603062618455598,0.8525,2.95,4.440892098500626e-16,4.440892098500626e-16,0.0476764440536499,0.012136204168200493,0.032720088958740234,0.012123823165893555,0.0032032113522291183,0.6935980916023254,0.0029773854184895754,1.944080310067875e-07,-1.3762075901031494,0.32575497031211853,0.20805609226226807
Direct PPO,1067,3.0,0.8,3.8,True,True,True,0.23305612710742465,0.0030024400731840806,0.8625,2.75,4.440892098500626e-16,4.440892098500626e-16,0.0808953046798706,0.019540132954716682,0.0067144036293029785,0.0067144036293029785,0.0027510884683579206,0.43427279591560364,0.00322510302066803,3.399872866793885e-06,-0.6176835894584656,0.9055254459381104,0.20151829719543457
Direct PPO,1068,3.0,0.8,3.8,True,True,True,0.21172963681585147,0.002259701843820935,0.8875,2.25,4.440892098500626e-16,4.440892098500626e-16,0.04169970750808716,0.010667374357581139,0.003762483596801758,0.003762483596801758,0.0028314264491200447,0.5778514742851257,0.0023161983117461205,1.0729046380220097e-06,-0.7787961959838867,0.5352519750595093,0.25048118829727173
Direct PPO,1069,3.0,0.8,3.8,True,True,True,0.20956109965941133,0.0023760067309527774,0.8675,2.6500000000000004,4.440892098500626e-16,4.440892098500626e-16,0.07701088488101959,0.020165156573057175,0.006393611431121826,0.006393611431121826,0.002342961262911558,0.33307594060897827,0.002294096862897277,1.2517024288172252e-06,-0.5076419115066528,0.8446078896522522,0.24751581251621246
Direct PPO,1070,3.0,0.8,3.8,True,True,True,0.49410141347867187,0.0037429580334298533,0.8075,4.05,0.25,0.25,0.10046977549791336,0.05853106454014778,0.052510201930999756,0.052510201930999756,0.00547475041821599,0.7770713567733765,0.002398550044745207,1.4315609178083832e-06,-1.6644020080566406,0.9533751606941223,0.22921264171600342
Direct PPO,1071,3.0,0.8,3.8,True,True,True,0.4822077590046408,0.004841721959103558,0.805,4.1000000000000005,0.3000000000000007,0.3000000000000007,0.1260363757610321,0.06217987462878227,0.05511367321014404,0.05511367321014404,0.00696416525170207,1.074249505996704,0.002680293284356594,2.9824693115187983e-07,-1.6379417181015015,0.7469041347503662,0.26974478363990784
Direct PPO,1072,3.0,0.8,3.8,True,True,True,0.40257616214013237,0.021880933855131134,0.7425,5.15,1.3500000000000005,1.3500000000000005,0.23207567632198334,0.24752475321292877,0.2467050552368164,0.2467050552368164,0.0116091538220644,1.930812954902649,0.009718772955238819,2.662204906300758e-06,-1.22187077999115,0.3675197660923004,0.4661308228969574
Direct PPO,1073,3.0,0.8,3.8,True,True,True,0.49910347110764436,0.032431729780739826,0.7175,5.65,1.8500000000000005,1.8500000000000005,0.26330727338790894,0.3716939389705658,0.3715076446533203,0.3715076446533203,0.012258482165634632,1.960404634475708,0.006882166024297476,4.2928504626615904e-06,-1.5133368968963623,0.8512749075889587,0.3800120949745178
Direct PPO,1074,3.0,0.8,3.8,True,True,True,0.1680076734191186,0.010209264806265484,0.89,2.2,4.440892098500626e-16,4.440892098500626e-16,0.055115003138780594,0.019779279828071594,0.010285377502441406,0.010285377502441406,0.0011491221375763416,0.2087601125240326,0.010483256541192532,1.854704976267385e-07,-0.5001789927482605,-0.2884053587913513,0.4962819218635559
Direct PPO,1075,3.0,0.8,3.8,True,True,True,0.27786939181521647,0.0023427138369882493,0.8625,2.75,4.440892098500626e-16,4.440892098500626e-16,0.08022453635931015,0.02052163891494274,0.008289098739624023,0.008289098739624023,0.0030483826994895935,0.5635643601417542,0.0022901890333741903,2.2500755676446715e-06,-0.8189709782600403,0.9466501474380493,0.23914383351802826
Direct PPO,1076,3.0,0.8,3.8,True,True,True,0.4835386140253424,0.020228958790331236,0.75,5.0,1.2000000000000002,1.2000000000000002,0.4066121578216553,0.17840881645679474,0.17747950553894043,0.17747950553894043,0.009181528352200985,1.6753242015838623,0.009339800104498863,2.1307714632712305e-06,-1.445397138595581,-0.562984049320221,0.45283621549606323
Direct PPO,1077,3.0,0.8,3.8,True,True,True,0.23364352264463314,0.002803669255740591,0.8725,2.5500000000000003,4.440892098500626e-16,4.440892098500626e-16,0.06945958733558655,0.018368300050497055,0.0018699169158935547,0.0018699169158935547,0.0031492384150624275,0.5508671998977661,0.0026702156756073236,1.9371511825738708e-06,-0.6151338219642639,-0.8893533945083618,0.2694230377674103
Direct PPO,1078,3.0,0.8,3.8,True,True,True,0.20064825862636607,0.0025598103930037624,0.8975,2.0500000000000003,4.440892098500626e-16,4.440892098500626e-16,0.044806282967329025,0.012996439822018147,4.0531158447265625e-05,4.0531158447265625e-05,0.003048230893909931,0.5779286026954651,0.002324105706065893,1.475225190006313e-06,-0.6580581068992615,-0.6858707666397095,0.23459486663341522
Direct PPO,1079,3.0,0.8,3.8,True,True,True,0.25870164560432946,0.0105213188014439,0.8575,2.85,4.440892098500626e-16,4.440892098500626e-16,0.09839547425508499,0.032906241714954376,0.010168075561523438,0.010168075561523438,0.0010855088476091623,0.32209596037864685,0.010328453965485096,2.6524187433096813e-06,-0.5874135494232178,0.8651593327522278,0.4896434247493744
Direct PPO,1080,3.0,0.8,3.8,True,True,True,0.22252207518805603,0.006548732397079338,0.8775,2.45,4.440892098500626e-16,4.440892098500626e-16,0.06825575232505798,0.021020516753196716,0.006551504135131836,0.006551504135131836,0.002217694651335478,0.3554557263851166,0.006406506523489952,5.2750142458535265e-06,-0.6397119164466858,0.7102972865104675,0.367546945810318
Direct PPO,1081,3.0,0.8,3.8,True,True,True,0.40600739684011067,0.0040770597427075665,0.8425,3.1500000000000004,4.440892098500626e-16,4.440892098500626e-16,0.07700420171022415,0.022866569459438324,0.01046442985534668,0.01046442985534668,0.0034880605526268482,0.5500191450119019,0.003736180253326893,9.238719940185547e-07,-1.3320256471633911,0.8601993322372437,0.3006768822669983
Direct PPO,1082,3.0,0.8,3.8,True,True,True,0.2557473876603028,0.004048298171703519,0.8725,2.5500000000000003,4.440892098500626e-16,4.440892098500626e-16,0.018308356404304504,0.004171204287558794,0.003947734832763672,0.003947734832763672,0.0030644771177321672,0.5723758339881897,0.004171204287558794,5.960550311101542e-07,-0.9581221342086792,-0.30673766136169434,0.3117980659008026
Direct PPO,1083,3.0,0.8,3.8,True,True,True,0.3795749368866932,0.0027153794246820608,0.85,3.0,4.440892098500626e-16,4.440892098500626e-16,0.05619077757000923,0.017250269651412964,0.025307059288024902,0.01632004976272583,0.0032959887757897377,0.6765255928039551,0.00270036980509758,1.999604819502565e-06,-1.3940625190734863,0.6289385557174683,0.21643398702144623
Direct PPO,1084,3.0,0.8,3.8,True,True,True,0.27830264741793026,0.007384033926937191,0.875,2.5,4.440892098500626e-16,4.440892098500626e-16,0.06565254926681519,0.015353992581367493,0.007853507995605469,0.007853507995605469,0.0025765385944396257,0.3882583975791931,0.007855435833334923,6.70679719405598e-06,-0.7371216416358948,-0.8951173424720764,0.4071005880832672
Direct PPO,1085,3.0,0.8,3.8,True,True,True,0.2070170848474043,0.007910861466490178,0.88,2.4000000000000004,4.440892098500626e-16,4.440892098500626e-16,0.05047699436545372,0.01674165204167366,0.008090019226074219,0.008090019226074219,0.002053073374554515,0.3434196412563324,0.008095481432974339,1.5834035593798035e-06,-0.7224554419517517,-0.08529454469680786,0.4138740301132202
Direct PPO,1086,3.0,0.8,3.8,True,True,True,0.2600694619931433,0.008482204142285807,0.8725,2.5500000000000003,4.440892098500626e-16,4.440892098500626e-16,0.0604044646024704,0.017800651490688324,0.008878707885742188,0.008878707885742188,0.002060380531474948,0.31488877534866333,0.008912538178265095,7.155730941121874e-07,-0.7490203976631165,-0.7008727788925171,0.4387705326080322
Direct PPO,1087,3.0,0.8,3.8,True,True,True,0.39660673765142773,0.004631158261642979,0.845,3.1,4.440892098500626e-16,4.440892098500626e-16,0.048791080713272095,0.004799471702426672,0.004665851593017578,0.004665851593017578,0.003195379860699177,0.5633153319358826,0.004799471702426672,5.066606831860554e-07,-1.2718281745910645,-0.8616007566452026,0.3274095356464386
Direct PPO,1088,3.0,0.8,3.8,True,True,True,0.4109110584752256,0.010966349882132262,0.8025,3.95,0.15000000000000036,0.15000000000000036,0.16021527349948883,0.0469081774353981,0.039526939392089844,0.039526939392089844,0.005637557711452246,1.2156988382339478,0.009564871899783611,3.934051164833363e-06,-1.148199200630188,-0.9221230149269104,0.4605681300163269
Direct PPO,1089,3.0,0.8,3.8,True,True,True,0.6001580413540758,0.014098521456847458,0.7675,4.8500000000000005,1.0500000000000007,1.0500000000000007,0.5915637016296387,0.10390397906303406,0.10124433040618896,0.10124433040618896,0.00641773734241724,1.0278568267822266,0.006853787694126368,7.748887583147734e-06,-1.8535881042480469,0.5890284776687622,0.37915652990341187
Direct PPO,1090,3.0,0.8,3.8,True,True,True,0.28509901665157233,0.003583991043324406,0.87,2.6,4.440892098500626e-16,4.440892098500626e-16,0.02770344354212284,0.00599696533754468,0.0033888816833496094,0.0033888816833496094,0.0031301542185246944,0.5585477352142334,0.003709438256919384,1.0430818520035245e-06,-0.9845758080482483,-0.6573527455329895,0.30003631114959717
Direct PPO,1091,3.0,0.8,3.8,True,True,True,0.6084765430602412,0.017356397375774893,0.75,5.050000000000001,1.2500000000000009,1.2500000000000009,0.566493809223175,0.15279851853847504,0.1517406702041626,0.1517406702041626,0.006976125296205282,1.2305784225463867,0.006155674811452627,6.026515393386944e-07,-1.8845704793930054,-0.6914018392562866,0.36124923825263977
Direct PPO,1092,3.0,0.8,3.8,True,True,True,0.6037424581734295,0.03054933994347027,0.72,5.6000000000000005,1.8000000000000007,1.8000000000000007,0.5030586123466492,0.2913012206554413,0.29112279415130615,0.29112279415130615,0.012480259872972965,2.0001132488250732,0.004200110211968422,3.446290293140919e-07,-1.9696727991104126,-0.2278679758310318,0.31251582503318787
Direct PPO,1093,3.0,0.8,3.8,True,True,True,0.26173953882246226,0.008486913283436306,0.8625,2.75,4.440892098500626e-16,4.440892098500626e-16,0.07352710515260696,0.025382818654179573,0.008618354797363281,0.008618354797363281,0.0018880157731473446,0.3192249536514282,0.008639407344162464,4.5004017010796815e-06,-0.8791002631187439,0.07968070358037949,0.43002596497535706
Direct PPO,1094,3.0,0.8,3.8,True,True,True,0.2436819179817722,0.002406417458119341,0.88,2.4000000000000004,4.440892098500626e-16,4.440892098500626e-16,0.02256406843662262,0.007270978298038244,0.0022569894790649414,0.0009355545043945312,0.0030373164918273687,0.5768418908119202,0.002323151333257556,2.7120165668748086e-06,-0.9031349420547485,-0.5643354058265686,0.2514164447784424
Direct PPO,1095,3.0,0.8,3.8,True,True,True,0.36368662234372967,0.0035633787790208564,0.8475,3.0500000000000003,4.440892098500626e-16,4.440892098500626e-16,0.021080223843455315,0.007342380005866289,0.006906986236572266,0.006797075271606445,0.003126343945041299,0.5470459461212158,0.003493714611977339,5.067584130102887e-10,-1.3096781969070435,-0.4019305408000946,0.2943161725997925
Direct PPO,1096,3.0,0.8,3.8,True,True,True,0.20759885319519025,0.0029302300765553335,0.8725,2.5500000000000003,4.440892098500626e-16,4.440892098500626e-16,0.07035399228334427,0.019281083717942238,0.0053642988204956055,0.0053642988204956055,0.002516320673748851,0.37312740087509155,0.002767813391983509,5.066488597549323e-07,-0.5565752387046814,0.7886120080947876,0.27283963561058044
Direct PPO,1097,3.0,0.8,3.8,True,True,True,0.3500675549870552,0.0028499493833617435,0.85,3.0,4.440892098500626e-16,4.440892098500626e-16,0.02885916270315647,0.008838715963065624,0.0067141056060791016,0.0067141056060791016,0.0032620588317513466,0.6725095510482788,0.0027870142366737127,2.2947938305151183e-06,-1.3080552816390991,0.037033263593912125,0.27344202995300293
Direct PPO,1098,3.0,0.8,3.8,True,True,True,0.40443224024096036,0.02615308235745952,0.73,5.4,1.6000000000000005,1.6000000000000005,0.25090011954307556,0.30555465817451477,0.3052036762237549,0.3052036762237549,0.01252952590584755,2.000016689300537,0.009937121532857418,2.27256418838806e-06,-1.2224541902542114,-0.25077617168426514,0.4742331802845001
Direct PPO,1099,3.0,0.8,3.8,True,True,True,0.6083863847830223,0.012549671497920628,0.7725,4.800000000000001,1.0000000000000009,1.0000000000000009,0.6216234564781189,0.12552711367607117,0.08410215377807617,0.08410215377807617,0.00575802568346262,1.027051329612732,0.006495428271591663,5.305109880282544e-06,-1.9130916595458984,0.09447009861469269,0.36984628438949585
Residual PPO,1000,3.0,0.8,3.8,True,True,True,0.36044097708161055,0.005306353391344555,0.8,4.0,0.20000000000000018,0.20000000000000018,0.2649036645889282,0.05726613476872444,0.0050182342529296875,0.0050182342529296875,0.0001207422319566831,0.16869987547397614,0.005019730888307095,3.9447036215278786e-06,-1.2179213762283325,0.20768369734287262,0.34128254652023315
Residual PPO,1001,3.0,0.8,3.8,True,True,True,0.3754791210753838,0.012116666878114944,0.8,4.0,0.20000000000000018,0.20000000000000018,0.26456987857818604,0.12584972381591797,0.025463461875915527,0.025463461875915527,0.00014122712309472263,0.18147508800029755,0.0019581117667257786,1.2077588280590135e-06,-1.0811076164245605,-0.9685990810394287,0.25630688667297363
Residual PPO,1002,3.0,0.8,3.8,True,True,True,0.4616874346741839,0.017025222839478105,0.7925,4.15,0.35000000000000053,0.35000000000000053,0.44094038009643555,0.17412257194519043,0.00797271728515625,0.00797271728515625,9.444650640944019e-05,0.14823514223098755,0.007975774817168713,1.8509845176595263e-05,-1.428768277168274,-0.28562131524086,0.4242836833000183
Residual PPO,1003,3.0,0.8,3.8,True,True,True,0.5429670552749526,0.019647961301411956,0.7825,4.3500000000000005,0.5500000000000007,0.5500000000000007,0.5310947299003601,0.23155756294727325,0.005240440368652344,0.005240440368652344,9.467815834796056e-05,0.15158243477344513,0.0052413176745176315,2.3149257685872726e-05,-1.7183640003204346,-0.48658838868141174,0.34840381145477295
Residual PPO,1004,3.0,0.8,3.8,True,True,True,0.6152913817674517,0.019812883444574103,0.7725,4.55,0.75,0.75,0.5889798402786255,0.26838889718055725,0.0013012886047363281,0.0013012886047363281,0.0001097228960134089,0.1628616750240326,0.0014232605462893844,2.1454687157529406e-05,-1.998679280281067,-0.7396973967552185,0.24154320359230042
Residual PPO,1005,3.0,0.8,3.8,True,True,True,0.6015792392575295,0.017282903930449574,0.7775,4.45,0.6500000000000004,0.6500000000000004,0.5756721496582031,0.25105857849121094,0.002964496612548828,0.002964496612548828,0.00010200181714026257,0.1579931080341339,0.002987805986776948,1.85058634087909e-05,-1.8766711950302124,0.8611240983009338,0.28618520498275757
Residual PPO,1006,3.0,0.8,3.8,True,True,True,0.4357715787782005,0.010284199718563874,0.795,4.1000000000000005,0.3000000000000007,0.3000000000000007,0.35774531960487366,0.11564783751964569,0.0031042098999023438,0.0031042098999023438,9.737715299706906e-05,0.1428244262933731,0.0031245118007063866,6.884556569275446e-06,-1.4946178197860718,0.20171388983726501,0.28934937715530396
Residual PPO,1007,3.0,0.8,3.8,True,True,True,0.6378372257983698,0.024462039843311023,0.765,4.7,0.9000000000000004,0.9000000000000004,0.727173388004303,0.35378625988960266,0.006850719451904297,0.006850719451904297,0.00011211154924239963,0.17996059358119965,0.006851319223642349,2.2325544705381617e-05,-1.8931626081466675,0.6319606900215149,0.39287856221199036
Residual PPO,1008,3.0,0.8,3.8,True,True,True,0.5329183371789594,0.014582078149440802,0.785,4.3,0.5,0.5,0.47589659690856934,0.18769267201423645,0.0022039413452148438,0.0022039413452148438,9.092893014894798e-05,0.14201386272907257,0.0022528914269059896,1.0480349374120124e-05,-1.749120831489563,0.6261014938354492,0.26522985100746155
Residual PPO,1009,3.0,0.8,3.8,True,True,True,0.5571739924650085,0.01627490077792271,0.78,4.4,0.6000000000000005,0.6000000000000005,0.5097675323486328,0.217369943857193,0.0003237724304199219,0.0003237724304199219,9.510297240922228e-05,0.14537331461906433,0.0007704274030402303,1.5357081792899407e-05,-1.9152493476867676,-0.3461688160896301,0.2149554342031479
Residual PPO,1010,3.0,0.8,3.8,True,True,True,0.6534978359925064,0.03323021074618203,0.75,5.0,1.2000000000000002,1.2000000000000002,0.8879227638244629,0.47201693058013916,0.009700775146484375,0.009700775146484375,0.0001244731538463384,0.19963352382183075,0.009709468111395836,4.283804810256697e-05,-1.8575115203857422,0.07161146402359009,0.4753030240535736
Residual PPO,1011,3.0,0.8,3.8,True,True,True,0.45300213777140697,0.011579476042987336,0.795,4.1000000000000005,0.3000000000000007,0.3000000000000007,0.3776974380016327,0.12943588197231293,0.002151966094970703,0.002151966094970703,9.252777090296149e-05,0.13824699819087982,0.0022032682318240404,9.152671736956108e-06,-1.57381272315979,0.12664707005023956,0.26378002762794495
Residual PPO,1012,3.0,0.8,3.8,True,True,True,0.4627347254745777,0.010622743627257134,0.795,4.1000000000000005,0.3000000000000007,0.3000000000000007,0.3793729245662689,0.12505505979061127,0.002437591552734375,0.002437591552734375,9.832164505496621e-05,0.14438515901565552,0.002476483816280961,1.0041246241598856e-05,-1.5405192375183105,0.561293363571167,0.2715309262275696
Residual PPO,1013,3.0,0.8,3.8,True,True,True,0.3153722560027911,0.012697662636762263,0.805,3.9000000000000004,0.10000000000000053,0.10000000000000053,0.22108890116214752,0.11687449365854263,0.007176399230957031,0.007176399230957031,6.053416655049659e-05,0.07145757973194122,0.007177605293691158,1.7637445125728846e-05,-0.8082606196403503,-0.8420410752296448,0.401797890663147
Residual PPO,1014,3.0,0.8,3.8,True,True,True,0.4485605597656876,0.017133249300366173,0.7925,4.15,0.35000000000000053,0.35000000000000053,0.44583404064178467,0.17298157513141632,0.009528160095214844,0.009528160095214844,9.396771929459646e-05,0.15069620311260223,0.009536282159388065,2.6564017389318906e-05,-1.3467140197753906,0.1714046150445938,0.4693894386291504
Residual PPO,1015,3.0,0.8,3.8,True,True,True,0.45854543235484785,0.014789439515745014,0.7925,4.15,0.35000000000000053,0.35000000000000053,0.42130398750305176,0.15644888579845428,0.006848335266113281,0.006848335266113281,9.327588486485183e-05,0.14641159772872925,0.006848948076367378,1.417691328242654e-05,-1.4601455926895142,0.21413566172122955,0.39239153265953064
Residual PPO,1016,3.0,0.8,3.8,True,True,True,0.4942104104273669,0.015746771556867205,0.79,4.2,0.40000000000000036,0.40000000000000036,0.4477543234825134,0.1766343116760254,0.0036945343017578125,0.0036945343017578125,8.809951395960525e-05,0.14029225707054138,0.0037052773404866457,2.073846189887263e-05,-1.6580126285552979,-0.11461202055215836,0.3060871958732605
Residual PPO,1017,3.0,0.8,3.8,True,True,True,0.2546920112582531,0.011433114536945645,0.8425,3.1500000000000004,4.440892098500626e-16,4.440892098500626e-16,0.16088680922985077,0.08662471175193787,0.010333061218261719,0.010333061218261719,3.651380029623397e-05,0.050739336758852005,0.010344087146222591,6.492647571576526e-06,-0.62247234582901,0.6426637768745422,0.4917738139629364
Residual PPO,1018,3.0,0.8,3.8,True,True,True,0.35757395999411834,0.00958358403029355,0.8,4.0,0.20000000000000018,0.20000000000000018,0.2939121723175049,0.0830124169588089,0.009305953979492188,0.009305953979492188,0.0001246079773409292,0.1774202585220337,0.009313208051025867,2.1639696115016704e-06,-1.1090368032455444,-0.0900818482041359,0.4614541530609131
Residual PPO,1019,3.0,0.8,3.8,True,True,True,0.5141051129225989,0.017811220483117056,0.785,4.3,0.5,0.5,0.489571213722229,0.20387612283229828,0.004952907562255859,0.004952907562255859,8.873536717146635e-05,0.1443515419960022,0.004954655654728413,1.5347606677096337e-05,-1.674609661102295,-0.20800989866256714,0.34006524085998535
Residual PPO,1020,3.0,0.8,3.8,True,True,True,0.3186668598706008,0.007868406757922813,0.8025,3.95,0.15000000000000036,0.15000000000000036,0.20025533437728882,0.07365268468856812,0.022235453128814697,0.022235453128814697,0.00012538148439489305,0.17012974619865417,0.000919987156521529,9.112278576139943e-07,-1.1319496631622314,-0.4326494336128235,0.2227078378200531
Residual PPO,1021,3.0,0.8,3.8,True,True,True,0.5347780629314791,0.025214277891441494,0.78,4.4,0.6000000000000005,0.6000000000000005,0.586866021156311,0.2682633399963379,0.01049041748046875,0.01049041748046875,0.00010432751150801778,0.16649943590164185,0.010502047836780548,2.514902917027939e-05,-1.4384177923202515,-0.8382971882820129,0.49743902683258057
Residual PPO,1022,3.0,0.8,3.8,True,True,True,0.6840489003347712,0.025826621781083733,0.7575,4.8500000000000005,1.0500000000000007,1.0500000000000007,0.7890450358390808,0.3930954039096832,0.0062808990478515625,0.0062808990478515625,0.0001234254741575569,0.19089311361312866,0.006280944216996431,2.123253398167435e-05,-1.999210000038147,0.8368335366249084,0.37694433331489563
Residual PPO,1023,3.0,0.8,3.8,True,True,True,0.5411284955622814,0.021638373537980413,0.78,4.4,0.6000000000000005,0.6000000000000005,0.5801902413368225,0.2551541030406952,0.0096435546875,0.0096435546875,9.617627802072093e-05,0.1582890748977661,0.009652048349380493,2.8928296160302125e-05,-1.4916963577270508,0.8117974996566772,0.4728805720806122
Residual PPO,1024,3.0,0.8,3.8,True,True,True,0.4604425691375475,0.013764559490444254,0.795,4.1000000000000005,0.3000000000000007,0.3000000000000007,0.3922930359840393,0.14706233143806458,0.0038824081420898438,0.0038824081420898438,9.94207221083343e-05,0.1444770097732544,0.0038910063449293375,1.8781760445563123e-05,-1.51630699634552,-0.48329436779022217,0.3110935389995575
Residual PPO,1025,3.0,0.8,3.8,True,True,True,0.2075067425595471,0.006192239147495565,0.8575,2.85,4.440892098500626e-16,4.440892098500626e-16,0.08520155400037766,0.04915684089064598,0.0015997886657714844,0.0015997886657714844,3.8410104025388137e-05,0.05492113158106804,0.001688796328380704,4.229227670293767e-06,-0.7683239579200745,0.258014976978302,0.24864348769187927
Residual PPO,1026,3.0,0.8,3.8,True,True,True,0.5093795674976257,0.014632685071118715,0.7875,4.25,0.4500000000000002,0.4500000000000002,0.4544021487236023,0.17795401811599731,0.0019445419311523438,0.0019445419311523438,8.710764814168215e-05,0.1379598081111908,0.0020074057392776012,1.28359370137332e-05,-1.7438942193984985,0.19023452699184418,0.2583710551261902
Residual PPO,1027,3.0,0.8,3.8,True,True,True,0.632566843188208,0.024086579108895605,0.7625,4.75,0.9500000000000002,0.9500000000000002,0.7193803787231445,0.35138824582099915,0.006003856658935547,0.006003856658935547,0.00010996141645591706,0.17788878083229065,0.006003860384225845,2.582524757599458e-05,-1.9580382108688354,0.12429128587245941,0.36954861879348755
Residual PPO,1028,3.0,0.8,3.8,True,True,True,0.2396750589140805,0.009733795312119518,0.8475,3.0500000000000003,4.440892098500626e-16,4.440892098500626e-16,0.14032922685146332,0.07698293775320053,0.007216453552246094,0.007216453552246094,4.260217247065157e-05,0.05677872151136398,0.007217721082270145,1.1089927284047008e-05,-0.7757433652877808,-0.22796711325645447,0.4025936424732208
Residual PPO,1029,3.0,0.8,3.8,True,True,True,0.23697153742878213,0.006658771567749196,0.8575,2.85,4.440892098500626e-16,4.440892098500626e-16,0.11589574068784714,0.0611359104514122,0.00034046173095703125,0.00034046173095703125,4.0321538108401e-05,0.05146240442991257,0.0007765404880046844,3.1392648907058174e-06,-0.7448340058326721,0.6458722352981567,0.214758962392807
Residual PPO,1030,3.0,0.8,3.8,True,True,True,0.5941684537795177,0.025839256887403548,0.7725,4.55,0.75,0.75,0.6473789215087891,0.30573076009750366,0.008646011352539062,0.008646011352539062,0.0001152393888332881,0.17603373527526855,0.00865105725824833,2.6481155146029778e-05,-1.6447029113769531,-0.9496257901191711,0.4438457489013672
Residual PPO,1031,3.0,0.8,3.8,True,True,True,0.35996924417627785,0.009857720122121638,0.805,3.9000000000000004,0.10000000000000053,0.10000000000000053,0.23585672676563263,0.09233307838439941,0.007086753845214844,0.007086753845214844,5.3304618631955236e-05,0.10416819155216217,0.007087756413966417,6.343143013509689e-06,-0.9611496329307556,0.9009804725646973,0.39864641427993774
Residual PPO,1032,3.0,0.8,3.8,True,True,True,0.25987304826610746,0.012736840331640877,0.81,3.8000000000000003,4.440892098500626e-16,4.440892098500626e-16,0.1803700476884842,0.09914010763168335,0.010571479797363281,0.010571479797363281,4.225898737786338e-05,0.056772563606500626,0.01058343704789877,1.00235192803666e-05,-0.6833899617195129,-0.5306191444396973,0.49894750118255615
Residual PPO,1033,3.0,0.8,3.8,True,True,True,0.30102986478775823,0.011928755356973105,0.81,3.8000000000000003,4.440892098500626e-16,4.440892098500626e-16,0.18872861564159393,0.0972413644194603,0.009778022766113281,0.009778022766113281,4.177464506938122e-05,0.06458805501461029,0.009787059389054775,1.7449707229388878e-05,-0.7577928304672241,0.7459949851036072,0.4761985242366791
Residual PPO,1034,3.0,0.8,3.8,True,True,True,0.20453893250458483,0.008097271681537514,0.8525,2.95,4.440892098500626e-16,4.440892098500626e-16,0.144008606672287,0.07568565756082535,0.0006456375122070312,0.0006456375122070312,4.6098029997665435e-05,0.05516786500811577,0.0009222521330229938,9.21018363442272e-06,-0.5296080112457275,-0.6777904629707336,0.22327283024787903
Residual PPO,1035,3.0,0.8,3.8,True,True,True,0.49964830484026806,0.02045045520126266,0.785,4.3,0.5,0.5,0.5162550806999207,0.22130253911018372,0.00839996337890625,0.00839996337890625,8.915967191569507e-05,0.14935298264026642,0.008404262363910675,2.5007993826875463e-05,-1.5201642513275146,-0.23973245918750763,0.436818927526474
Residual PPO,1036,3.0,0.8,3.8,True,True,True,0.495715501866135,0.014864854269714282,0.79,4.2,0.40000000000000036,0.40000000000000036,0.4462772309780121,0.16852699220180511,0.005276203155517578,0.005276203155517578,9.349469473818317e-05,0.14658953249454498,0.0052770162001252174,1.6579549992457032e-05,-1.558912754058838,0.6018440127372742,0.34900519251823425
Residual PPO,1037,3.0,0.8,3.8,True,True,True,0.4800326528915972,0.017104602757159165,0.79,4.2,0.40000000000000036,0.40000000000000036,0.4483332931995392,0.17946773767471313,0.006489753723144531,0.006489753723144531,9.351473272545263e-05,0.1465461105108261,0.006489953957498074,1.9393726688576862e-05,-1.5164998769760132,-0.3818822205066681,0.38270920515060425
Residual PPO,1038,3.0,0.8,3.8,True,True,True,0.48569591817222907,0.015446694965451847,0.7925,4.15,0.35000000000000053,0.35000000000000053,0.4145047664642334,0.1647339165210724,0.004150867462158203,0.004150867462158203,0.00010734473471529782,0.15118949115276337,0.004157062154263258,1.4208386346581392e-05,-1.5098652839660645,-0.8029577136039734,0.31811848282814026
Residual PPO,1039,3.0,0.8,3.8,True,True,True,0.20174531870072018,0.008038712290900769,0.86,2.8000000000000003,4.440892098500626e-16,4.440892098500626e-16,0.10729926824569702,0.061880286782979965,0.0059032440185546875,0.0059032440185546875,3.568546162568964e-05,0.05457356944680214,0.00590326776728034,1.367853292322252e-05,-0.6960156559944153,-0.0387578122317791,0.3661683201789856
Residual PPO,1040,3.0,0.8,3.8,True,True,True,0.26300687007207146,0.009721229535641184,0.845,3.1,4.440892098500626e-16,4.440892098500626e-16,0.14746256172657013,0.07846379280090332,0.00760650634765625,0.00760650634765625,3.872653906000778e-05,0.0505857914686203,0.007608615327626467,1.1208386240468826e-05,-0.7547146081924438,0.5635512471199036,0.4134989380836487
Residual PPO,1041,3.0,0.8,3.8,True,True,True,0.21417318106221758,0.010597618684485001,0.855,2.9000000000000004,4.440892098500626e-16,4.440892098500626e-16,0.1348058581352234,0.07648467272520065,0.009401321411132812,0.009401321411132812,3.583736179280095e-05,0.05626041814684868,0.00940900482237339,1.58898183144629e-05,-0.6478168964385986,-0.19675222039222717,0.46515655517578125
Residual PPO,1042,3.0,0.8,3.8,True,True,True,0.45317965147500683,0.014586924529254449,0.795,4.1000000000000005,0.3000000000000007,0.3000000000000007,0.4062342345714569,0.15234702825546265,0.0061397552490234375,0.0061397552490234375,9.597001189831644e-05,0.14581520855426788,0.006139763630926609,1.610003164387308e-05,-1.463887333869934,-0.25558269023895264,0.3728010952472687
Residual PPO,1043,3.0,0.8,3.8,True,True,True,0.5633379413996634,0.02030704184279866,0.7825,4.3500000000000005,0.5500000000000007,0.5500000000000007,0.5325518250465393,0.23356807231903076,0.004191875457763672,0.004191875457763672,0.00010263625881634653,0.15728813409805298,0.004197771195322275,1.838733078329824e-05,-1.7490100860595703,-0.7958716750144958,0.31946444511413574
Residual PPO,1044,3.0,0.8,3.8,True,True,True,0.5984447383845771,0.015170356598571993,0.775,4.5,0.7000000000000002,0.7000000000000002,0.5538544058799744,0.23814068734645844,0.0001316070556640625,0.0001316070556640625,0.00010039894550573081,0.15304134786128998,0.0007362386677414179,1.2546137440949678e-05,-1.981444239616394,0.7169352173805237,0.20961801707744598
Residual PPO,1045,3.0,0.8,3.8,True,True,True,0.24014649862756973,0.010355603555321908,0.8475,3.0500000000000003,4.440892098500626e-16,4.440892098500626e-16,0.15095113217830658,0.08356987684965134,0.007687568664550781,0.007687568664550781,4.255389649188146e-05,0.05597039312124252,0.007689886260777712,1.1915790310013108e-05,-0.7272861003875732,-0.39523494243621826,0.4158290922641754
Residual PPO,1046,3.0,0.8,3.8,True,True,True,0.6298018755621203,0.024096086099423167,0.765,4.7,0.9000000000000004,0.9000000000000004,0.7144280076026917,0.34539151191711426,0.006977081298828125,0.006977081298828125,0.00011051894398406148,0.17791211605072021,0.006977879907935858,2.3667334971833043e-05,-1.868130087852478,0.6265861392021179,0.39649125933647156
Residual PPO,1047,3.0,0.8,3.8,True,True,True,0.3330587717081913,0.00572356125119963,0.8025,3.95,0.15000000000000036,0.15000000000000036,0.22758594155311584,0.05547385290265083,0.003452301025390625,0.003452301025390625,0.000123707257444039,0.1698959618806839,0.0034662249963730574,5.7527367971488275e-06,-1.1699552536010742,-0.14992530643939972,0.29876548051834106
Residual PPO,1048,3.0,0.8,3.8,True,True,True,0.3463802259402841,0.012072354709027174,0.805,3.9000000000000004,0.10000000000000053,0.10000000000000053,0.2608684003353119,0.10677549242973328,0.010025978088378906,0.010025978088378906,6.116866279626265e-05,0.12769345939159393,0.010035873390734196,2.804583346005529e-06,-0.9076822996139526,-0.7630760073661804,0.4824531674385071
Residual PPO,1049,3.0,0.8,3.8,True,True,True,0.530926064028765,0.02121013958627571,0.78,4.4,0.6000000000000005,0.6000000000000005,0.5750760436058044,0.2574436366558075,0.008281707763671875,0.008281707763671875,9.088935621548444e-05,0.15374313294887543,0.008285623975098133,2.2861771867610514e-05,-1.6127384901046753,0.09402617067098618,0.43331217765808105
Residual PPO,1050,3.0,0.8,3.8,True,True,True,0.43415316756145833,0.017420491315832204,0.7925,4.15,0.35000000000000053,0.35000000000000053,0.43133115768432617,0.16962489485740662,0.010545730590820312,0.010545730590820312,0.00010277304681949317,0.1561603993177414,0.010557613335549831,2.01072125491919e-05,-1.2507070302963257,-0.40418457984924316,0.49881017208099365
Residual PPO,1051,3.0,0.8,3.8,True,True,True,0.2640086786876153,0.009222866462076809,0.8425,3.1500000000000004,4.440892098500626e-16,4.440892098500626e-16,0.1607586145401001,0.08556217700242996,0.0019516944885253906,0.0019516944885253906,4.5436678192345425e-05,0.05782900005578995,0.002013777382671833,1.0180470781051554e-05,-0.8433747291564941,-0.6024307608604431,0.2584548592567444
Residual PPO,1052,3.0,0.8,3.8,True,True,True,0.4721911094377155,0.014609473756253245,0.7925,4.15,0.35000000000000053,0.35000000000000053,0.42119359970092773,0.15908418595790863,0.004401683807373047,0.004401683807373047,8.992775110527873e-05,0.1407501995563507,0.004406112711876631,1.3634853530675173e-05,-1.577463150024414,-0.03658809885382652,0.32490968704223633
Residual PPO,1053,3.0,0.8,3.8,True,True,True,0.2480528693073216,0.011163237704231103,0.845,3.1,4.440892098500626e-16,4.440892098500626e-16,0.15940934419631958,0.08770892024040222,0.008844375610351562,0.008844375610351562,4.316568447393365e-05,0.05578303709626198,0.008850066922605038,8.008120857994072e-06,-0.7320424914360046,-0.38764455914497375,0.44851720333099365
Residual PPO,1054,3.0,0.8,3.8,True,True,True,0.6378616793031103,0.021937753172818517,0.765,4.7,0.9000000000000004,0.9000000000000004,0.6896383166313171,0.32867053151130676,0.005104541778564453,0.005104541778564453,0.0001092828024411574,0.17411693930625916,0.00510582746937871,1.7875139747047797e-05,-1.9604523181915283,0.6108824014663696,0.3443475067615509
Residual PPO,1055,3.0,0.8,3.8,True,True,True,0.3057835530756504,0.012071665524520953,0.805,3.9000000000000004,0.10000000000000053,0.10000000000000053,0.21117906272411346,0.11217352002859116,0.0062313079833984375,0.0062313079833984375,6.0027086874470115e-05,0.0686565712094307,0.006231342442333698,9.65835261013126e-06,-0.8035520911216736,-0.8197364807128906,0.37500709295272827
Residual PPO,1056,3.0,0.8,3.8,True,True,True,0.24804647382068415,0.010012023615009245,0.81,3.8000000000000003,4.440892098500626e-16,4.440892098500626e-16,0.17594267427921295,0.09370852261781693,0.004887104034423828,0.004887104034423828,4.901473585050553e-05,0.05558987706899643,0.004889038857072592,1.268658979824977e-05,-0.6173267960548401,-0.7547652125358582,0.33817118406295776
Residual PPO,1057,3.0,0.8,3.8,True,True,True,0.40503099186050234,0.008586709100430733,0.7975,4.05,0.25,0.25,0.32105109095573425,0.09690064191818237,0.003422260284423828,0.003422260284423828,0.00010429600661154836,0.1476588100194931,0.0034367816988378763,8.593947313784156e-06,-1.4013786315917969,-0.020997419953346252,0.2980625629425049
Residual PPO,1058,3.0,0.8,3.8,True,True,True,0.629926635901521,0.023560445355765697,0.7675,4.65,0.8500000000000005,0.8500000000000005,0.6678023934364319,0.3185602128505707,0.005018711090087891,0.005018711090087891,0.00011348346015438437,0.17443978786468506,0.005020204000174999,2.635201053635683e-05,-1.9344123601913452,-0.6835842132568359,0.34246277809143066
Residual PPO,1059,3.0,0.8,3.8,True,True,True,0.39654719831207025,0.009159892327511514,0.7975,4.05,0.25,0.25,0.3130488395690918,0.10071586072444916,0.0045833587646484375,0.0045833587646484375,0.00011209437070647255,0.1545735001564026,0.004586644936352968,1.2575256732816342e-05,-1.3239208459854126,-0.34795770049095154,0.3298633396625519
Residual PPO,1060,3.0,0.8,3.8,True,True,True,0.2624233568531032,0.012692709828506631,0.8075,3.85,0.050000000000000266,0.050000000000000266,0.1999511569738388,0.10738505423069,0.009824752807617188,0.009824752807617188,4.6683839173056185e-05,0.06222543865442276,0.009833973832428455,1.817042357288301e-05,-0.5232435464859009,-0.8263487219810486,0.4775193929672241
Residual PPO,1061,3.0,0.8,3.8,True,True,True,0.3007706540496926,0.005912417529241406,0.8025,3.95,0.15000000000000036,0.15000000000000036,0.18062248826026917,0.03541864454746246,0.01921820640563965,0.01921820640563965,0.00012840684212278575,0.18075332045555115,0.0031449608504772186,5.594499725702917e-06,-1.0766786336898804,0.09924349933862686,0.28927016258239746
Residual PPO,1062,3.0,0.8,3.8,True,True,True,0.3518038231562907,0.010990272789879008,0.8,4.0,0.20000000000000018,0.20000000000000018,0.26282578706741333,0.0952577218413353,0.008164405822753906,0.008164405822753906,0.00013986174599267542,0.18981768190860748,0.008168084546923637,9.359254363516811e-06,-1.020176649093628,-0.6513675451278687,0.4292861223220825
Residual PPO,1063,3.0,0.8,3.8,True,True,True,0.1999396786919704,0.006256906247360579,0.87,2.6,4.440892098500626e-16,4.440892098500626e-16,0.11410362273454666,0.05983424559235573,0.003108501434326172,0.003108501434326172,3.163113069604151e-05,0.049730684608221054,0.003128564218059182,7.488480605388759e-06,-0.5567145943641663,0.6067063212394714,0.2895512878894806
Residual PPO,1064,3.0,0.8,3.8,True,True,True,0.4599365389260284,0.012482805017792527,0.7925,4.15,0.35000000000000053,0.35000000000000053,0.3843914866447449,0.1373162865638733,0.0013623237609863281,0.0013623237609863281,9.18587320484221e-05,0.13657088577747345,0.0014765977393835783,1.361638442176627e-05,-1.6129041910171509,-0.13716638088226318,0.24278511106967926
Residual PPO,1065,3.0,0.8,3.8,True,True,True,0.21366465429268608,0.010630627212862502,0.845,3.1,4.440892098500626e-16,4.440892098500626e-16,0.1554633378982544,0.0843239575624466,0.009024620056152344,0.009024620056152344,3.934444976039231e-05,0.056316182017326355,0.009030927903950214,8.749109838390723e-06,-0.5033138990402222,-0.5932050347328186,0.453745573759079
Residual PPO,1066,3.0,0.8,3.8,True,True,True,0.38218580214854325,0.004017435848035532,0.8,4.0,0.20000000000000018,0.20000000000000018,0.26970425248146057,0.05703028663992882,8.916854858398438e-05,8.916854858398438e-05,0.00010899177141254768,0.14980484545230865,0.0007340029696933925,4.714900114777265e-06,-1.3762075901031494,0.32575497031211853,0.20805609226226807
Residual PPO,1067,3.0,0.8,3.8,True,True,True,0.25881444273583015,0.007906292559368817,0.82,3.6,4.440892098500626e-16,4.440892098500626e-16,0.16483034193515778,0.08376510441303253,0.0,0.0,3.952709448640235e-05,0.05299972742795944,0.0007730383658781648,9.252011068383581e-07,-0.6176835894584656,0.9055254459381104,0.20151829719543457
Residual PPO,1068,3.0,0.8,3.8,True,True,True,0.23563251738285712,0.006636274017108118,0.855,2.9000000000000004,4.440892098500626e-16,4.440892098500626e-16,0.10827844589948654,0.058395903557538986,0.0016636848449707031,0.0016636848449707031,4.099326179130003e-05,0.05689382180571556,0.0017469082958996296,6.055747689970303e-06,-0.7787961959838867,0.5352519750595093,0.25048118829727173
Residual PPO,1069,3.0,0.8,3.8,True,True,True,0.23303969676970088,0.00726684490056617,0.8425,3.1500000000000004,4.440892098500626e-16,4.440892098500626e-16,0.15521636605262756,0.07877307385206223,0.0015544891357421875,0.0015544891357421875,3.5206623579142615e-05,0.050074756145477295,0.0016475848387926817,5.059162049292354e-06,-0.5076419115066528,0.8446078896522522,0.24751581251621246
Residual PPO,1070,3.0,0.8,3.8,True,True,True,0.5256698083399193,0.012834968459734532,0.79,4.2,0.40000000000000036,0.40000000000000036,0.4383385479450226,0.16023577749729156,0.0008611679077148438,0.0008611679077148438,0.00010090113210026175,0.14706143736839294,0.0010686340974643826,1.1984058801317587e-05,-1.6644020080566406,0.9533751606941223,0.22921264171600342
Residual PPO,1071,3.0,0.8,3.8,True,True,True,0.5076408862775053,0.013150449100893325,0.79,4.2,0.40000000000000036,0.40000000000000036,0.4330804944038391,0.15840861201286316,0.0023632049560546875,0.0023632049560546875,9.565459913574159e-05,0.1444883942604065,0.002404966624453664,1.3960450814920478e-05,-1.6379417181015015,0.7469041347503662,0.26974478363990784
Residual PPO,1072,3.0,0.8,3.8,True,True,True,0.4084744023546462,0.011979809188082485,0.7975,4.05,0.25,0.25,0.3658667206764221,0.11882099509239197,0.009438514709472656,0.009438514709472656,0.00011242524487897754,0.1657876968383789,0.009446290321648121,1.5333755072788335e-05,-1.22187077999115,0.3675197660923004,0.4661308228969574
Residual PPO,1073,3.0,0.8,3.8,True,True,True,0.5129931351853827,0.01587050085039911,0.79,4.2,0.40000000000000036,0.40000000000000036,0.46710532903671265,0.179778054356575,0.006404876708984375,0.006404876708984375,9.97844326775521e-05,0.1536858081817627,0.00640499871224165,1.3807549294142518e-05,-1.5133368968963623,0.8512749075889587,0.3800120949745178
Residual PPO,1074,3.0,0.8,3.8,True,True,True,0.18428024017789693,0.010701508640958042,0.8625,2.75,4.440892098500626e-16,4.440892098500626e-16,0.12844218313694,0.07196453958749771,0.010496139526367188,0.010496139526367188,3.372580977156758e-05,0.054845720529556274,0.010507763363420963,3.211813236703165e-06,-0.5001789927482605,-0.2884053587913513,0.4962819218635559
Residual PPO,1075,3.0,0.8,3.8,True,True,True,0.30785064576665694,0.008832988241289008,0.81,3.8000000000000003,4.440892098500626e-16,4.440892098500626e-16,0.1794649064540863,0.09123407304286957,0.0012459754943847656,0.0012459754943847656,4.804379932465963e-05,0.05882726237177849,0.0013765542535111308,3.887705133820418e-06,-0.8189709782600403,0.9466501474380493,0.23914383351802826
Residual PPO,1076,3.0,0.8,3.8,True,True,True,0.49374235865421745,0.020630662603287664,0.7875,4.25,0.4500000000000002,0.4500000000000002,0.4993387460708618,0.212391659617424,0.008954048156738281,0.008954048156738281,9.607936954125762e-05,0.15370409190654755,0.008960164152085781,2.731271888478659e-05,-1.445397138595581,-0.562984049320221,0.45283621549606323
Residual PPO,1077,3.0,0.8,3.8,True,True,True,0.26562400318799545,0.010515686870601072,0.8075,3.85,0.050000000000000266,0.050000000000000266,0.19454964995384216,0.10220309346914291,0.0023589134216308594,0.0023589134216308594,5.4064516007201746e-05,0.06200922280550003,0.002400679048150778,1.0123101674253121e-05,-0.6151338219642639,-0.8893533945083618,0.2694230377674103
Residual PPO,1078,3.0,0.8,3.8,True,True,True,0.23115412383180028,0.008787555215074556,0.845,3.1,4.440892098500626e-16,4.440892098500626e-16,0.15549694001674652,0.08222643285989761,0.0010685920715332031,0.0010685920715332031,5.12327351316344e-05,0.0681757777929306,0.0012285198317840695,8.358414561371319e-06,-0.6580581068992615,-0.6858707666397095,0.23459486663341522
Residual PPO,1079,3.0,0.8,3.8,True,True,True,0.28245943162174414,0.012149260338299184,0.8075,3.85,0.050000000000000266,0.050000000000000266,0.19193832576274872,0.10100755840539932,0.010272979736328125,0.010272979736328125,4.01589713874273e-05,0.06018839776515961,0.01028372161090374,2.0433158169907983e-06,-0.5874135494232178,0.8651593327522278,0.4896434247493744
Residual PPO,1080,3.0,0.8,3.8,True,True,True,0.24612041108735175,0.008575364237018638,0.85,3.0,4.440892098500626e-16,4.440892098500626e-16,0.1458597332239151,0.07695304602384567,0.005970954895019531,0.005970954895019531,3.5741508327191696e-05,0.05107704922556877,0.005970964208245277,5.339838935469743e-06,-0.6397119164466858,0.7102972865104675,0.367546945810318
Residual PPO,1081,3.0,0.8,3.8,True,True,True,0.4346020421422008,0.006542321532954339,0.7975,4.05,0.25,0.25,0.3283463716506958,0.09082615375518799,0.0035314559936523438,0.0035314559936523438,0.00012318934022914618,0.16818347573280334,0.0035444654058665037,2.358695383009035e-06,-1.3320256471633911,0.8601993322372437,0.3006768822669983
Residual PPO,1082,3.0,0.8,3.8,True,True,True,0.2780673904594141,0.007785455667160515,0.8275,3.45,4.440892098500626e-16,4.440892098500626e-16,0.1629067212343216,0.0713757798075676,0.003935337066650391,0.003935337066650391,3.9700837078271434e-05,0.07508080452680588,0.003943494986742735,5.362582214729628e-06,-0.9581221342086792,-0.30673766136169434,0.3117980659008026
Residual PPO,1083,3.0,0.8,3.8,True,True,True,0.4095137288147696,0.004573279623519755,0.7975,4.05,0.25,0.25,0.2949245572090149,0.06937143206596375,0.00039768218994140625,0.00039768218994140625,0.0001124156842706725,0.15385214984416962,0.0007961475057527423,5.4145075409905985e-06,-1.3940625190734863,0.6289385557174683,0.21643398702144623
Residual PPO,1084,3.0,0.8,3.8,True,True,True,0.3090438261708814,0.01298238622454296,0.805,3.9000000000000004,0.10000000000000053,0.10000000000000053,0.2228752076625824,0.11934097111225128,0.007366180419921875,0.007366180419921875,5.71631062484812e-05,0.06947775930166245,0.0073677729815244675,1.7342383216600865e-05,-0.7371216416358948,-0.8951173424720764,0.4071005880832672
Residual PPO,1085,3.0,0.8,3.8,True,True,True,0.2209025040792951,0.009448437961043766,0.8525,2.95,4.440892098500626e-16,4.440892098500626e-16,0.1254483461380005,0.07104117423295975,0.007618904113769531,0.007618904113769531,3.7528483517235145e-05,0.05637222155928612,0.0076210531406104565,1.0382949767517857e-05,-0.7224554419517517,-0.08529454469680786,0.4138740301132202
Residual PPO,1086,3.0,0.8,3.8,True,True,True,0.2863076860793575,0.012375824013523993,0.8075,3.85,0.050000000000000266,0.050000000000000266,0.19791942834854126,0.10662421584129333,0.008500099182128906,0.008500099182128906,5.1645936764543876e-05,0.06296314299106598,0.008504697121679783,9.825350389291998e-06,-0.7490203976631165,-0.7008727788925171,0.4387705326080322
Residual PPO,1087,3.0,0.8,3.8,True,True,True,0.42409072117933583,0.011477329050747262,0.7975,4.05,0.25,0.25,0.33106327056884766,0.12762853503227234,0.004507541656494141,0.004507541656494141,0.00012661075743380934,0.16406488418579102,0.0045112730003893375,5.85711086387164e-06,-1.2718281745910645,-0.8616007566452026,0.3274095356464386
Residual PPO,1088,3.0,0.8,3.8,True,True,True,0.4317173596343889,0.01422684556110241,0.795,4.1000000000000005,0.3000000000000007,0.3000000000000007,0.36592209339141846,0.14409849047660828,0.009252548217773438,0.009252548217773438,0.0001329114311374724,0.17636607587337494,0.00925969798117876,1.2693649296124931e-05,-1.148199200630188,-0.9221230149269104,0.4605681300163269
Residual PPO,1089,3.0,0.8,3.8,True,True,True,0.6133340150360715,0.022331988447769062,0.77,4.6000000000000005,0.8000000000000007,0.8000000000000007,0.670046329498291,0.3160945475101471,0.0063648223876953125,0.0063648223876953125,0.00010530478903092444,0.17079190909862518,0.006364914122968912,1.8716613340075128e-05,-1.8535881042480469,0.5890284776687622,0.37915652990341187
Residual PPO,1090,3.0,0.8,3.8,True,True,True,0.31446717678059777,0.00907837827736666,0.8075,3.85,0.050000000000000266,0.050000000000000266,0.2037399560213089,0.09299086034297943,0.0034952163696289062,0.0034952163696289062,4.553138205665164e-05,0.0880088210105896,0.003508605295792222,8.498253009747714e-06,-0.9845758080482483,-0.6573527455329895,0.30003631114959717
Residual PPO,1091,3.0,0.8,3.8,True,True,True,0.6208068989551685,0.02386831913125604,0.77,4.6000000000000005,0.8000000000000007,0.8000000000000007,0.6630890369415283,0.3156193494796753,0.005698680877685547,0.005698680877685547,0.00011221644672332332,0.1736651211977005,0.005698831286281347,2.7931611839449033e-05,-1.8845704793930054,-0.6914018392562866,0.36124923825263977
Residual PPO,1092,3.0,0.8,3.8,True,True,True,0.6106118922759465,0.020902244054706805,0.77,4.6000000000000005,0.8000000000000007,0.8000000000000007,0.6363447308540344,0.29800763726234436,0.003922939300537109,0.003922939300537109,0.00010372069664299488,0.16531002521514893,0.00393117917701602,2.486148696334567e-05,-1.9696727991104126,-0.2278679758310318,0.31251582503318787
Residual PPO,1093,3.0,0.8,3.8,True,True,True,0.27290281411360967,0.00976439707589239,0.8275,3.45,4.440892098500626e-16,4.440892098500626e-16,0.16606388986110687,0.07373540103435516,0.008183479309082031,0.008183479309082031,3.7972815334796906e-05,0.07433782517910004,0.008187164552509785,1.2863354641012847e-05,-0.8791002631187439,0.07968070358037949,0.43002596497535706
Residual PPO,1094,3.0,0.8,3.8,True,True,True,0.2733886861260398,0.008911541093659568,0.8375,3.25,4.440892098500626e-16,4.440892098500626e-16,0.16191600263118744,0.08363059163093567,0.0016903877258300781,0.0016903877258300781,4.3048170482506976e-05,0.05702207610011101,0.0017710773972794414,1.0054786798718851e-05,-0.9031349420547485,-0.5643354058265686,0.2514164447784424
Residual PPO,1095,3.0,0.8,3.8,True,True,True,0.3858063601877721,0.008168252316889434,0.8,4.0,0.20000000000000018,0.20000000000000018,0.29232534766197205,0.09255959093570709,0.0032911300659179688,0.0032911300659179688,0.00011469676974229515,0.154981791973114,0.0033077821135520935,5.093162144476082e-06,-1.3096781969070435,-0.4019305408000946,0.2943161725997925
Residual PPO,1096,3.0,0.8,3.8,True,True,True,0.23132286619352882,0.007145102657513191,0.85,3.0,4.440892098500626e-16,4.440892098500626e-16,0.14538583159446716,0.07450069487094879,0.002502918243408203,0.002502918243408203,3.470481533440761e-05,0.046985700726509094,0.0025395143311470747,1.586855432833545e-06,-0.5565752387046814,0.7886120080947876,0.27283963561058044
Residual PPO,1097,3.0,0.8,3.8,True,True,True,0.3688605548202327,0.005267994275495338,0.8,4.0,0.20000000000000018,0.20000000000000018,0.2687239348888397,0.06502339988946915,0.0025277137756347656,0.0025277137756347656,0.00011288662062725052,0.15553075075149536,0.002563383663073182,8.280517818093358e-07,-1.3080552816390991,0.037033263593912125,0.27344202995300293
Residual PPO,1098,3.0,0.8,3.8,True,True,True,0.40659694164602367,0.013749859733945725,0.7975,4.05,0.25,0.25,0.37510743737220764,0.13365213572978973,0.009730339050292969,0.009730339050292969,0.0001093655955628492,0.16020822525024414,0.00973911490291357,9.698287612991408e-06,-1.2224541902542114,-0.25077617168426514,0.4742331802845001
Residual PPO,1099,3.0,0.8,3.8,True,True,True,0.6149085706543098,0.02310031966872733,0.765,4.7,0.9000000000000004,0.9000000000000004,0.6857455372810364,0.32941940426826477,0.006021022796630859,0.006021022796630859,0.0001056838154909201,0.1723712980747223,0.006021025124937296,2.2795873519498855e-05,-1.9130916595458984,0.09447009861469269,0.36984628438949585
PD+FF,1000,3.0,1.0,4.0,True,True,True,0.3893173733056203,0.041726045909161937,0.745,5.1000000000000005,1.1000000000000005,1.1000000000000005,0.462350070476532,0.26095864176750183,0.0,0.0,3.173085497110151e-05,0.09636513888835907,0.00015142066695261747,7.087141420925036e-05,-1.2179213762283325,0.20768369734287262,0.34128254652023315
PD+FF,1001,3.0,1.0,4.0,True,True,True,0.40935513357462555,0.04196742023256903,0.745,5.1000000000000005,1.1000000000000005,1.1000000000000005,0.4650435149669647,0.2624683082103729,0.0,0.0,3.484999615466222e-05,0.09693332016468048,0.00015857907419558614,7.37582886358723e-05,-1.0811076164245605,-0.9685990810394287,0.25630688667297363
PD+FF,1002,3.0,1.0,4.0,True,True,True,0.48398525428902683,0.053735514434145294,0.72,5.6000000000000005,1.6000000000000005,1.6000000000000005,0.5953653454780579,0.33605602383613586,0.0,0.0,4.7137204091995955e-05,0.12407498806715012,0.00019821597379632294,9.187483374262229e-05,-1.428768277168274,-0.28562131524086,0.4242836833000183
PD+FF,1003,3.0,1.0,4.0,True,True,True,0.5671079219640357,0.062258156263412426,0.7025,5.95,1.9500000000000002,1.9500000000000002,0.6897895336151123,0.38935214281082153,0.0,0.0,6.352298078127205e-05,0.14375461637973785,0.00023370995768345892,0.00010899781773332506,-1.7183640003204346,-0.48658838868141174,0.34840381145477295
PD+FF,1004,3.0,1.0,4.0,True,True,True,0.6438237746519005,0.06925622766418264,0.6925,6.15,2.1500000000000004,2.1500000000000004,0.7673609256744385,0.4331235885620117,0.0,0.0,8.134901145240292e-05,0.15992969274520874,0.00026149494806304574,0.00012172981951152906,-1.998679280281067,-0.7396973967552185,0.24154320359230042
PD+FF,1005,3.0,1.0,4.0,True,True,True,0.628171008817708,0.06775945417552019,0.695,6.1000000000000005,2.1000000000000005,2.1000000000000005,0.7507759928703308,0.4237654209136963,0.0,0.0,7.791798998368904e-05,0.15647132694721222,0.0002554127131588757,0.0001190934854093939,-1.8766711950302124,0.8611240983009338,0.28618520498275757
PD+FF,1006,3.0,1.0,4.0,True,True,True,0.4649224842762404,0.04975188354829617,0.7275,5.45,1.4500000000000002,1.4500000000000002,0.5512687563896179,0.31114763021469116,0.0,0.0,4.486885154619813e-05,0.1148969978094101,0.00017266701615881175,8.131992217386141e-05,-1.4946178197860718,0.20171388983726501,0.28934937715530396
PD+FF,1007,3.0,1.0,4.0,True,True,True,0.6550824288050748,0.07509936104347822,0.6825,6.3500000000000005,2.3500000000000005,2.3500000000000005,0.8317596912384033,0.46962541341781616,0.0,0.0,8.546462777303532e-05,0.17325299978256226,0.00026963913114741445,0.0001264620223082602,-1.8931626081466675,0.6319606900215149,0.39287856221199036
PD+FF,1008,3.0,1.0,4.0,True,True,True,0.5620410221243348,0.06014001188507319,0.7075,5.8500000000000005,1.8500000000000005,1.8500000000000005,0.6663757562637329,0.3761186897754669,0.0,0.0,6.40644648228772e-05,0.13888636231422424,0.00021399195247795433,0.00010063010267913342,-1.749120831489563,0.6261014938354492,0.26522985100746155
PD+FF,1009,3.0,1.0,4.0,True,True,True,0.5866509661096898,0.06274902138863012,0.7025,5.95,1.9500000000000002,1.9500000000000002,0.6952757835388184,0.3924311101436615,0.0,0.0,6.878482236061245e-05,0.14490945637226105,0.00023204345779959112,0.00010798168659675866,-1.9152493476867676,-0.3461688160896301,0.2149554342031479
PD+FF,1010,3.0,1.0,4.0,True,True,True,0.6650599941541582,0.08323076125335077,0.6725,6.550000000000001,2.5500000000000007,2.5500000000000007,0.91945481300354,0.5202128291130066,0.0,0.0,9.605719242244959e-05,0.1908307522535324,0.00032240961445495486,0.00014943092537578195,-1.8575115203857422,0.07161146402359009,0.4753030240535736
PD+FF,1011,3.0,1.0,4.0,True,True,True,0.48231084566209215,0.05148108935664539,0.7225,5.550000000000001,1.5500000000000007,1.5500000000000007,0.5704355239868164,0.32196494936943054,0.0,0.0,4.8105237510753796e-05,0.11889223009347916,0.00018300196097698063,8.597439591540024e-05,-1.57381272315979,0.12664707005023956,0.26378002762794495
PD+FF,1012,3.0,1.0,4.0,True,True,True,0.4934131069926136,0.052389735284860565,0.7225,5.550000000000001,1.5500000000000007,1.5500000000000007,0.5805124044418335,0.3276508152484894,0.0,0.0,5.05389180034399e-05,0.12099359929561615,0.0001916791807161644,8.961385174188763e-05,-1.5405192375183105,0.561293363571167,0.2715309262275696
PD+FF,1013,3.0,1.0,4.0,True,True,True,0.34579062525764254,0.03609426449710915,0.7625,4.75,0.75,0.75,0.3999560475349426,0.22573618590831757,0.0,0.0,2.5466611987212673e-05,0.08336460590362549,0.00014066485164221376,6.547724478878081e-05,-0.8082606196403503,-0.8420410752296448,0.401797890663147
PD+FF,1014,3.0,1.0,4.0,True,True,True,0.4676237534395937,0.05275850259124236,0.72,5.6000000000000005,1.6000000000000005,1.6000000000000005,0.5845150351524353,0.32994547486305237,0.0,0.0,4.4085067202104256e-05,0.12180504947900772,0.0002094523806590587,9.690123988548294e-05,-1.3467140197753906,0.1714046150445938,0.4693894386291504
PD+FF,1015,3.0,1.0,4.0,True,True,True,0.48222239951208634,0.053065068796491394,0.72,5.6000000000000005,1.6000000000000005,1.6000000000000005,0.5879669785499573,0.3318749666213989,0.0,0.0,4.7080699005164206e-05,0.12253662943840027,0.00019033224089071155,8.931898628361523e-05,-1.4601455926895142,0.21413566172122955,0.39239153265953064
PD+FF,1016,3.0,1.0,4.0,True,True,True,0.5211348074771794,0.056493890648571035,0.7125,5.75,1.75,1.75,0.6259652972221375,0.3533150851726532,0.0,0.0,5.4802174418000504e-05,0.13046066462993622,0.00021769465820398182,0.00010109107097378,-1.6580126285552979,-0.11461202055215836,0.3060871958732605
PD+FF,1017,3.0,1.0,4.0,True,True,True,0.2837140015412071,0.030286472028751822,0.78,4.4,0.40000000000000036,0.40000000000000036,0.33560869097709656,0.18942292034626007,0.0,0.0,1.78024511114927e-05,0.06994955241680145,0.00010761811427073553,5.032315675634891e-05,-0.62247234582901,0.6426637768745422,0.4917738139629364
PD+FF,1018,3.0,1.0,4.0,True,True,True,0.38274139623148085,0.04243418700380129,0.745,5.1000000000000005,1.1000000000000005,1.1000000000000005,0.4701627790927887,0.2653806805610657,0.0,0.0,3.127123272861354e-05,0.09798564016819,0.00014043621195014566,6.678079080302268e-05,-1.1090368032455444,-0.0900818482041359,0.4614541530609131
PD+FF,1019,3.0,1.0,4.0,True,True,True,0.5383634367296937,0.05896282471640293,0.71,5.800000000000001,1.8000000000000007,1.8000000000000007,0.6532923579216003,0.36874762177467346,0.0,0.0,5.75193771510385e-05,0.1361510455608368,0.00020783506624866277,9.777620289241895e-05,-1.674609661102295,-0.20800989866256714,0.34006524085998535
PD+FF,1020,3.0,1.0,4.0,True,True,True,0.3499652842424001,0.03614315166995717,0.76,4.800000000000001,0.8000000000000007,0.8000000000000007,0.4005090892314911,0.22604642808437347,0.0,0.0,2.5335421014460735e-05,0.08348120748996735,0.00013798238069284707,6.389227200997993e-05,-1.1319496631622314,-0.4326494336128235,0.2227078378200531
PD+FF,1021,3.0,1.0,4.0,True,True,True,0.5545156793065086,0.06334998361775189,0.7,6.0,2.0,2.0,0.701676607131958,0.39615535736083984,0.0,0.0,6.285034032771364e-05,0.14617188274860382,0.00022675609216094017,0.00010614006168907508,-1.4384177923202515,-0.8382971882820129,0.49743902683258057
PD+FF,1022,3.0,1.0,4.0,True,True,True,0.7018020141329007,0.08046282190562709,0.675,6.5,2.5,2.5,0.8910955190658569,0.5031619071960449,0.0,0.0,9.835336823016405e-05,0.18559040129184723,0.0002865819842554629,0.00013441842747852206,-1.999210000038147,0.8368335366249084,0.37694433331489563
PD+FF,1023,3.0,1.0,4.0,True,True,True,0.5601145200170143,0.06343958900711255,0.7,6.0,2.0,2.0,0.7027552127838135,0.39673444628715515,0.0,0.0,6.35031537967734e-05,0.1464156210422516,0.00024753189063631,0.00011449378507677466,-1.4916963577270508,0.8117974996566772,0.4728805720806122
PD+FF,1024,3.0,1.0,4.0,True,True,True,0.4904688523504249,0.052632533609266334,0.72,5.6000000000000005,1.6000000000000005,1.6000000000000005,0.5831877589225769,0.3291650712490082,0.0,0.0,4.986965359421447e-05,0.12154849618673325,0.0002051742485491559,9.50850298977457e-05,-1.51630699634552,-0.48329436779022217,0.3110935389995575
PD+FF,1025,3.0,1.0,4.0,True,True,True,0.23682337275022214,0.024350063062300753,0.7975,4.05,0.04999999999999982,0.04999999999999982,0.2698211073875427,0.15228520333766937,0.0,0.0,1.1720252587110735e-05,0.05624162033200264,8.677475125296041e-05,4.0666094719199464e-05,-0.7683239579200745,0.258014976978302,0.24864348769187927
PD+FF,1026,3.0,1.0,4.0,True,True,True,0.5376331646318007,0.05774522409104893,0.71,5.800000000000001,1.8000000000000007,1.8000000000000007,0.6398314237594604,0.3611372709274292,0.0,0.0,5.856651478097774e-05,0.13335345685482025,0.00020911551837343723,9.791679622139782e-05,-1.7438942193984985,0.19023452699184418,0.2583710551261902
PD+FF,1027,3.0,1.0,4.0,True,True,True,0.6496845148882728,0.0745138162869351,0.6825,6.3500000000000005,2.3500000000000005,2.3500000000000005,0.8253231644630432,0.4659734070301056,0.0,0.0,8.300250920001417e-05,0.17192377150058746,0.0002753738663159311,0.00012852992222178727,-1.9580382108688354,0.12429128587245941,0.36954861879348755
PD+FF,1028,3.0,1.0,4.0,True,True,True,0.2660219935389125,0.028507375495306,0.785,4.3,0.2999999999999998,0.2999999999999998,0.3158770799636841,0.17828549444675446,0.0,0.0,1.5158643691393081e-05,0.0658373311161995,0.00010605646093608811,4.897771941614337e-05,-0.7757433652877808,-0.22796711325645447,0.4025936424732208
PD+FF,1029,3.0,1.0,4.0,True,True,True,0.270901178188234,0.027377257263911933,0.7875,4.25,0.25,0.25,0.30337977409362793,0.17122404277324677,0.0,0.0,1.5452676962013356e-05,0.06323757767677307,9.923652396537364e-05,4.640470433514565e-05,-0.7448340058326721,0.6458722352981567,0.214758962392807
PD+FF,1030,3.0,1.0,4.0,True,True,True,0.6155758264018949,0.06963798876769588,0.69,6.2,2.2,2.2,0.7713747620582581,0.4354904592037201,0.0,0.0,7.638755050720647e-05,0.16070091724395752,0.0002530395577196032,0.00011887201253557578,-1.6447029113769531,-0.9496257901191711,0.4438457489013672
PD+FF,1031,3.0,1.0,4.0,True,True,True,0.3934197528746929,0.04133165780946304,0.7475,5.050000000000001,1.0500000000000007,1.0500000000000007,0.45799463987350464,0.25849518179893494,0.0,0.0,3.282501347712241e-05,0.09546057879924774,0.00014993528020568192,7.010092667769641e-05,-0.9611496329307556,0.9009804725646973,0.39864641427993774
PD+FF,1032,3.0,1.0,4.0,True,True,True,0.2866328179409396,0.03104603458978352,0.7775,4.45,0.4500000000000002,0.4500000000000002,0.34400084614753723,0.19416233897209167,0.0,0.0,1.8247965272166766e-05,0.07169684767723083,0.00010381717584095895,4.9579823098611087e-05,-0.6833899617195129,-0.5306191444396973,0.49894750118255615
PD+FF,1033,3.0,1.0,4.0,True,True,True,0.33163943413595326,0.03534685534712456,0.7625,4.75,0.75,0.75,0.3916639983654022,0.22106118500232697,0.0,0.0,2.397088974248618e-05,0.08163295686244965,0.00014465616550296545,6.684515392407775e-05,-0.7577928304672241,0.7459949851036072,0.4761985242366791
PD+FF,1034,3.0,1.0,4.0,True,True,True,0.23198016621399126,0.023280875502138896,0.7975,4.05,0.04999999999999982,0.04999999999999982,0.25798600912094116,0.14560364186763763,0.0,0.0,1.1442728464317042e-05,0.05377599596977234,8.800423529464751e-05,4.0988248656503856e-05,-0.5296080112457275,-0.6777904629707336,0.22327283024787903
PD+FF,1035,3.0,1.0,4.0,True,True,True,0.5190015686516658,0.05855490132265266,0.71,5.800000000000001,1.8000000000000007,1.8000000000000007,0.6486932039260864,0.3661818504333496,0.0,0.0,5.358358612284064e-05,0.13517293334007263,0.00022045717923901975,0.00010274301166646183,-1.5201642513275146,-0.23973245918750763,0.436818927526474
PD+FF,1036,3.0,1.0,4.0,True,True,True,0.5224298205602959,0.05663313017946624,0.7125,5.75,1.75,1.75,0.627497136592865,0.3541801869869232,0.0,0.0,5.551200592890382e-05,0.13077962398529053,0.0002115423558279872,9.870770009001717e-05,-1.558912754058838,0.6018440127372742,0.34900519251823425
PD+FF,1037,3.0,1.0,4.0,True,True,True,0.5046369098853811,0.055396672930650676,0.715,5.7,1.7000000000000002,1.7000000000000002,0.6137804985046387,0.34644538164138794,0.0,0.0,5.1238934247521684e-05,0.1279163956642151,0.0002042858104687184,9.548584785079584e-05,-1.5164998769760132,-0.3818822205066681,0.38270920515060425
PD+FF,1038,3.0,1.0,4.0,True,True,True,0.5174552981178288,0.055195572559806255,0.715,5.7,1.7000000000000002,1.7000000000000002,0.6115851998329163,0.34519273042678833,0.0,0.0,5.5550983233843e-05,0.12746763229370117,0.00020058917289134115,9.381903510075063e-05,-1.5098652839660645,-0.8029577136039734,0.31811848282814026
PD+FF,1039,3.0,1.0,4.0,True,True,True,0.2275037910133896,0.024153495784277796,0.7975,4.05,0.04999999999999982,0.04999999999999982,0.26764148473739624,0.15105850994586945,0.0,0.0,1.1014182746293955e-05,0.05578508973121643,0.00010019961337093264,4.613445344148204e-05,-0.6960156559944153,-0.0387578122317791,0.3661683201789856
PD+FF,1040,3.0,1.0,4.0,True,True,True,0.2927981134119875,0.03097152303540612,0.7775,4.45,0.4500000000000002,0.4500000000000002,0.34318187832832336,0.19369491934776306,0.0,0.0,1.8434728190186433e-05,0.07152949273586273,0.00011882014950970188,5.5958567827474326e-05,-0.7547146081924438,0.5635512471199036,0.4134989380836487
PD+FF,1041,3.0,1.0,4.0,True,True,True,0.23886068987946107,0.026039790658206715,0.7925,4.15,0.15000000000000036,0.15000000000000036,0.28854504227638245,0.16286194324493408,0.0,0.0,1.2608034921868239e-05,0.06013881787657738,0.00010928302799584344,4.9635604227660224e-05,-0.6478168964385986,-0.19675222039222717,0.46515655517578125
PD+FF,1042,3.0,1.0,4.0,True,True,True,0.4791407716150381,0.05239671327438898,0.7225,5.550000000000001,1.5500000000000007,1.5500000000000007,0.5805562138557434,0.3276880085468292,0.0,0.0,4.68940706923604e-05,0.1209946721792221,0.0001917133922688663,8.966914901975542e-05,-1.463887333869934,-0.25558269023895264,0.3728010952472687
PD+FF,1043,3.0,1.0,4.0,True,True,True,0.5910146426338837,0.06394280240188131,0.7,6.0,2.0,2.0,0.7084802985191345,0.3998923599720001,0.0,0.0,6.95541748427786e-05,0.1476561725139618,0.00022984080715104938,0.00010770249355118722,-1.7490100860595703,-0.7958716750144958,0.31946444511413574
PD+FF,1044,3.0,1.0,4.0,True,True,True,0.627788135071845,0.0669602777874704,0.695,6.1000000000000005,2.1000000000000005,2.1000000000000005,0.7419450283050537,0.41877153515815735,0.0,0.0,7.843337516533211e-05,0.15463677048683167,0.00024620050680823624,0.0001150930838775821,-1.981444239616394,0.7169352173805237,0.20961801707744598
PD+FF,1045,3.0,1.0,4.0,True,True,True,0.2669338591004182,0.02846646074660915,0.785,4.3,0.2999999999999998,0.2999999999999998,0.3154180347919464,0.17802466452121735,0.0,0.0,1.5358471500803716e-05,0.06574257463216782,0.00010209961328655481,4.8676600272301584e-05,-0.7272861003875732,-0.39523494243621826,0.4158290922641754
PD+FF,1046,3.0,1.0,4.0,True,True,True,0.6471453186858622,0.07409486383699926,0.685,6.300000000000001,2.3000000000000007,2.3000000000000007,0.8206747174263,0.4633573591709137,0.0,0.0,8.34135280456394e-05,0.17094987630844116,0.0002709266555029899,0.00012667298142332584,-1.868130087852478,0.6265861392021179,0.39649125933647156
PD+FF,1047,3.0,1.0,4.0,True,True,True,0.3622719298237567,0.03832187957716736,0.755,4.9,0.9000000000000004,0.9000000000000004,0.42463231086730957,0.23966628313064575,0.0,0.0,2.7252617655904032e-05,0.08850619941949844,0.0001456168101867661,6.781094270991161e-05,-1.1699552536010742,-0.14992530643939972,0.29876548051834106
PD+FF,1048,3.0,1.0,4.0,True,True,True,0.37616618732794876,0.04054886319470448,0.75,5.0,1.0,1.0,0.44928285479545593,0.25358760356903076,0.0,0.0,3.080160968238488e-05,0.093639075756073,0.0001364259805995971,6.455778202507645e-05,-0.9076822996139526,-0.7630760073661804,0.4824531674385071
PD+FF,1049,3.0,1.0,4.0,True,True,True,0.5483738773899394,0.06255601996994403,0.7025,5.95,1.9500000000000002,1.9500000000000002,0.6929853558540344,0.39121147990226746,0.0,0.0,5.968441109871492e-05,0.14438490569591522,0.0002290461416123435,0.00010724577441578731,-1.6127384901046753,0.09402617067098618,0.43331217765808105
PD+FF,1050,3.0,1.0,4.0,True,True,True,0.45405122631953704,0.0512996907720366,0.725,5.5,1.5,1.5,0.5683473348617554,0.3208213746547699,0.0,0.0,4.2081195715582e-05,0.11843450367450714,0.00018779787933453918,8.81654632394202e-05,-1.2507070302963257,-0.40418457984924316,0.49881017208099365
PD+FF,1051,3.0,1.0,4.0,True,True,True,0.2944960955831745,0.030135077867986887,0.78,4.4,0.40000000000000036,0.40000000000000036,0.3339252173900604,0.18846537172794342,0.0,0.0,1.8185655790148303e-05,0.06960347294807434,0.00011127840843982995,5.204340777709149e-05,-0.8433747291564941,-0.6024307608604431,0.2584548592567444
PD+FF,1052,3.0,1.0,4.0,True,True,True,0.4989748902289234,0.05418138212681677,0.7175,5.65,1.6500000000000004,1.6500000000000004,0.6003453731536865,0.33885490894317627,0.0,0.0,5.068500104243867e-05,0.12512095272541046,0.0001941020746016875,9.097035945160314e-05,-1.577463150024414,-0.03658809885382652,0.32490968704223633
PD+FF,1053,3.0,1.0,4.0,True,True,True,0.2745817505634653,0.029595635306871065,0.78,4.4,0.40000000000000036,0.40000000000000036,0.3279304504394531,0.18509073555469513,0.0,0.0,1.642265124246478e-05,0.06834832578897476,9.828893962549046e-05,4.7027388063725084e-05,-0.7320424914360046,-0.38764455914497375,0.44851720333099365
PD+FF,1054,3.0,1.0,4.0,True,True,True,0.6573989565585839,0.07371439976485414,0.685,6.300000000000001,2.3000000000000007,2.3000000000000007,0.8166049718856812,0.46098873019218445,0.0,0.0,8.452709880657494e-05,0.17014791071414948,0.0002622254833113402,0.00012308952864259481,-1.9604523181915283,0.6108824014663696,0.3443475067615509
PD+FF,1055,3.0,1.0,4.0,True,True,True,0.3362773199450462,0.03490986092273021,0.765,4.7,0.7000000000000002,0.7000000000000002,0.38683149218559265,0.21832714974880219,0.0,0.0,2.3985554435057566e-05,0.08062992244958878,0.0001228445617016405,5.771100040874444e-05,-0.8035520911216736,-0.8197364807128906,0.37500709295272827
PD+FF,1056,3.0,1.0,4.0,True,True,True,0.2765939386188995,0.02827028382290048,0.785,4.3,0.2999999999999998,0.2999999999999998,0.3132621645927429,0.17680251598358154,0.0,0.0,1.6263702491414733e-05,0.06529680639505386,0.00010737703996710479,5.001789395464584e-05,-0.6173267960548401,-0.7547652125358582,0.33817118406295776
PD+FF,1057,3.0,1.0,4.0,True,True,True,0.4340811849029586,0.04639773363926107,0.735,5.300000000000001,1.3000000000000007,1.3000000000000007,0.5141234993934631,0.2901799976825714,0.0,0.0,3.91224239137955e-05,0.10715620964765549,0.00016738104750402272,7.844493666198105e-05,-1.4013786315917969,-0.020997419953346252,0.2980625629425049
PD+FF,1058,3.0,1.0,4.0,True,True,True,0.6521688899245042,0.07269822402515903,0.685,6.300000000000001,2.3000000000000007,2.3000000000000007,0.8053792715072632,0.45463645458221436,0.0,0.0,8.322364010382444e-05,0.16781844198703766,0.0002726191305555403,0.00012713090109173208,-1.9344123601913452,-0.6835842132568359,0.34246277809143066
PD+FF,1059,3.0,1.0,4.0,True,True,True,0.42631125833832795,0.045663844249894746,0.7375,5.25,1.25,1.25,0.5059767961502075,0.2855841815471649,0.0,0.0,3.799990372499451e-05,0.10545709729194641,0.00017557427054271102,8.150078792823479e-05,-1.3239208459854126,-0.34795770049095154,0.3298633396625519
PD+FF,1060,3.0,1.0,4.0,True,True,True,0.2897288232156701,0.030195684570709636,0.78,4.4,0.40000000000000036,0.40000000000000036,0.33459270000457764,0.18884490430355072,0.0,0.0,1.8338580048293807e-05,0.06974070519208908,0.00011994775559287518,5.5426622566301376e-05,-0.5232435464859009,-0.8263487219810486,0.4775193929672241
PD+FF,1061,3.0,1.0,4.0,True,True,True,0.3299002804895597,0.03469839173193872,0.765,4.7,0.7000000000000002,0.7000000000000002,0.38448455929756165,0.2170054316520691,0.0,0.0,2.2582866222364828e-05,0.08013905584812164,0.00012431523646228015,5.8271783927921206e-05,-1.0766786336898804,0.09924349933862686,0.28927016258239746
PD+FF,1062,3.0,1.0,4.0,True,True,True,0.38200025947434363,0.04104952904888503,0.7475,5.050000000000001,1.0500000000000007,1.0500000000000007,0.45483309030532837,0.25671878457069397,0.0,0.0,3.1296382076106966e-05,0.09479677677154541,0.00015264168905559927,7.118729990907013e-05,-1.020176649093628,-0.6513675451278687,0.4292861223220825
PD+FF,1063,3.0,1.0,4.0,True,True,True,0.23098090632177434,0.02346423709000549,0.7975,4.05,0.04999999999999982,0.04999999999999982,0.26000916957855225,0.14674688875675201,0.0,0.0,1.1357059520378243e-05,0.054196882992982864,9.242657688446343e-05,4.275530227459967e-05,-0.5567145943641663,0.6067063212394714,0.2895512878894806
PD+FF,1064,3.0,1.0,4.0,True,True,True,0.48976780410589443,0.05208577099763644,0.7225,5.550000000000001,1.5500000000000007,1.5500000000000007,0.5771425366401672,0.32574912905693054,0.0,0.0,4.946559056406841e-05,0.12029106914997101,0.00019448480452410877,9.068771032616496e-05,-1.6129041910171509,-0.13716638088226318,0.24278511106967926
PD+FF,1065,3.0,1.0,4.0,True,True,True,0.23930227930762657,0.025138004956892696,0.795,4.1000000000000005,0.10000000000000053,0.10000000000000053,0.27855363488197327,0.15721768140792847,0.0,0.0,1.2611532838491257e-05,0.05805947631597519,8.71411757543683e-05,4.121550955460407e-05,-0.5033138990402222,-0.5932050347328186,0.453745573759079
PD+FF,1066,3.0,1.0,4.0,True,True,True,0.4132385153549879,0.043055950438073747,0.7425,5.15,1.1500000000000004,1.1500000000000004,0.4770963788032532,0.2692742645740509,0.0,0.0,3.511158502078615e-05,0.09944343566894531,0.00016066846728790551,7.534903124906123e-05,-1.3762075901031494,0.32575497031211853,0.20805609226226807
PD+FF,1067,3.0,1.0,4.0,True,True,True,0.2931363499386761,0.029368249150285207,0.7825,4.3500000000000005,0.35000000000000053,0.35000000000000053,0.3254373371601105,0.18367210030555725,0.0,0.0,1.8099832232110202e-05,0.06783599406480789,0.00010558950452832505,4.93322622787673e-05,-0.6176835894584656,0.9055254459381104,0.20151829719543457
PD+FF,1068,3.0,1.0,4.0,True,True,True,0.2678859155600017,0.027347580929847768,0.7875,4.25,0.25,0.25,0.3030467629432678,0.17103712260723114,0.0,0.0,1.5076340787345544e-05,0.06316746026277542,0.00010360191663494334,4.8253830755129457e-05,-0.7787961959838867,0.5352519750595093,0.25048118829727173
PD+FF,1069,3.0,1.0,4.0,True,True,True,0.26494196284165605,0.026578077218997805,0.79,4.2,0.20000000000000018,0.20000000000000018,0.29451513290405273,0.1662197709083557,0.0,0.0,1.4861535419186112e-05,0.06139051541686058,9.921452874550596e-05,4.6288503654068336e-05,-0.5076419115066528,0.8446078896522522,0.24751581251621246
PD+FF,1070,3.0,1.0,4.0,True,True,True,0.5591582339185702,0.058691075801899424,0.71,5.800000000000001,1.8000000000000007,1.8000000000000007,0.6503316164016724,0.36705464124679565,0.0,0.0,6.463771569542587e-05,0.13554790616035461,0.00021970475791022182,0.00010222593846265227,-1.6644020080566406,0.9533751606941223,0.22921264171600342
PD+FF,1071,3.0,1.0,4.0,True,True,True,0.5386875417321222,0.05723625259328617,0.7125,5.75,1.75,1.75,0.634203314781189,0.35795608162879944,0.0,0.0,5.98116239416413e-05,0.13218335807323456,0.00021609244868159294,0.00010065388050861657,-1.6379417181015015,0.7469041347503662,0.26974478363990784
PD+FF,1072,3.0,1.0,4.0,True,True,True,0.43126895321793124,0.04790251741980089,0.73,5.4,1.4000000000000004,1.4000000000000004,0.5307415723800659,0.29957646131515503,0.0,0.0,3.8468660932267085e-05,0.11060894280672073,0.00018528022337704897,8.546418393962085e-05,-1.22187077999115,0.3675197660923004,0.4661308228969574
PD+FF,1073,3.0,1.0,4.0,True,True,True,0.5397496942831487,0.0584706652048029,0.71,5.800000000000001,1.8000000000000007,1.8000000000000007,0.6478607654571533,0.3656770884990692,0.0,0.0,5.9155419876333326e-05,0.13502205908298492,0.0002116753748850897,9.910950757330284e-05,-1.5133368968963623,0.8512749075889587,0.3800120949745178
PD+FF,1074,3.0,1.0,4.0,True,True,True,0.20760116596850683,0.022672761067522654,0.8,4.0,0.0,0.0,0.2512163519859314,0.14179261028766632,0.0,0.0,9.81043376668822e-06,0.05235876515507698,6.745720020262524e-05,3.245660263928585e-05,-0.5001789927482605,-0.2884053587913513,0.4962819218635559
PD+FF,1075,3.0,1.0,4.0,True,True,True,0.3435871396402732,0.03476428482118633,0.765,4.7,0.7000000000000002,0.7000000000000002,0.385234534740448,0.2174215465784073,0.0,0.0,2.4697790649952367e-05,0.08029984682798386,0.0001274532696697861,5.960881389910355e-05,-0.8189709782600403,0.9466501474380493,0.23914383351802826
PD+FF,1076,3.0,1.0,4.0,True,True,True,0.5148773439906458,0.057693085812676466,0.71,5.800000000000001,1.8000000000000007,1.8000000000000007,0.6391679644584656,0.36079832911491394,0.0,0.0,5.3330189984990284e-05,0.13319222629070282,0.00022078753681853414,0.0001022309807012789,-1.445397138595581,-0.562984049320221,0.45283621549606323
PD+FF,1077,3.0,1.0,4.0,True,True,True,0.2952125359828129,0.029776617800794526,0.78,4.4,0.40000000000000036,0.40000000000000036,0.32996565103530884,0.1862281709909439,0.0,0.0,1.8372467820881866e-05,0.0687795951962471,0.00010867389937629923,5.0874496082542464e-05,-0.6151338219642639,-0.8893533945083618,0.2694230377674103
PD+FF,1078,3.0,1.0,4.0,True,True,True,0.26055293313457834,0.026299566891598312,0.7925,4.15,0.15000000000000036,0.15000000000000036,0.2914358973503113,0.16448237001895905,0.0,0.0,1.4346885109262075e-05,0.06074834242463112,9.579038305673748e-05,4.496227120398544e-05,-0.6580581068992615,-0.6858707666397095,0.23459486663341522
PD+FF,1079,3.0,1.0,4.0,True,True,True,0.31320881672130635,0.03283946809967092,0.77,4.6000000000000005,0.6000000000000005,0.6000000000000005,0.3638764023780823,0.20537371933460236,0.0,0.0,2.1417421521618962e-05,0.0758436918258667,0.00011091053602285683,5.241149483481422e-05,-0.5874135494232178,0.8651593327522278,0.4896434247493744
PD+FF,1080,3.0,1.0,4.0,True,True,True,0.2776433586002229,0.028624181067821945,0.785,4.3,0.2999999999999998,0.2999999999999998,0.31719303131103516,0.17902183532714844,0.0,0.0,1.6455602235510014e-05,0.0661156103014946,0.00010421234037494287,4.8730424168752506e-05,-0.6397119164466858,0.7102972865104675,0.367546945810318
PD+FF,1081,3.0,1.0,4.0,True,True,True,0.4680448837039278,0.04915678281275773,0.7275,5.45,1.4500000000000002,1.4500000000000002,0.5446856617927551,0.30742570757865906,0.0,0.0,4.5671222324017435e-05,0.11352890729904175,0.00017565980670042336,8.243155025411397e-05,-1.3320256471633911,0.8601993322372437,0.3006768822669983
PD+FF,1082,3.0,1.0,4.0,True,True,True,0.30692193746074026,0.032220204027322556,0.7725,4.55,0.5499999999999998,0.5499999999999998,0.35701480507850647,0.20150156319141388,0.0,0.0,1.9683637219714e-05,0.07441351562738419,0.00010957459744531661,5.178447099751793e-05,-0.9581221342086792,-0.30673766136169434,0.3117980659008026
PD+FF,1083,3.0,1.0,4.0,True,True,True,0.4422633524748783,0.0459709578892213,0.735,5.300000000000001,1.3000000000000007,1.3000000000000007,0.5093997716903687,0.2875064015388489,0.0,0.0,4.0390768845099956e-05,0.10617662221193314,0.00016957352636381984,7.902442303020507e-05,-1.3940625190734863,0.6289385557174683,0.21643398702144623
PD+FF,1084,3.0,1.0,4.0,True,True,True,0.3392194325364108,0.03521270626724134,0.765,4.7,0.7000000000000002,0.7000000000000002,0.3901953101158142,0.22022566199302673,0.0,0.0,2.451944601489231e-05,0.08133105933666229,0.00013614811177831143,6.329885945888236e-05,-0.7371216416358948,-0.8951173424720764,0.4071005880832672
PD+FF,1085,3.0,1.0,4.0,True,True,True,0.2464193263356202,0.026546185532576816,0.79,4.2,0.20000000000000018,0.20000000000000018,0.29413896799087524,0.166015625,0.0,0.0,1.3089129424770363e-05,0.06130674108862877,0.00010044447117252275,4.663678919314407e-05,-0.7224554419517517,-0.08529454469680786,0.4138740301132202
PD+FF,1086,3.0,1.0,4.0,True,True,True,0.31509888332765207,0.03329720593567151,0.77,4.6000000000000005,0.6000000000000005,0.6000000000000005,0.3689526319503784,0.20824120938777924,0.0,0.0,2.1440477212308906e-05,0.07690039277076721,0.00011393627210054547,5.4138796258484945e-05,-0.7490203976631165,-0.7008727788925171,0.4387705326080322
PD+FF,1087,3.0,1.0,4.0,True,True,True,0.4570323573151647,0.048140287085886205,0.73,5.4,1.4000000000000004,1.4000000000000004,0.5334138870239258,0.3010655343532562,0.0,0.0,4.371874820208177e-05,0.11117862164974213,0.00016982956731226295,7.990498124854639e-05,-1.2718281745910645,-0.8616007566452026,0.3274095356464386
PD+FF,1088,3.0,1.0,4.0,True,True,True,0.46112219549645106,0.04982304976577018,0.7275,5.45,1.4500000000000002,1.4500000000000002,0.5520533323287964,0.31159570813179016,0.0,0.0,4.4909924326930195e-05,0.11505699902772903,0.00018238976190332323,8.519844413967803e-05,-1.148199200630188,-0.9221230149269104,0.4605681300163269
PD+FF,1089,3.0,1.0,4.0,True,True,True,0.6319774845982131,0.07139555825175325,0.6875,6.25,2.25,2.25,0.7908822894096375,0.4464836120605469,0.0,0.0,7.875663141021505e-05,0.1647781878709793,0.0002529338526073843,0.00011886575521202758,-1.8535881042480469,0.5890284776687622,0.37915652990341187
PD+FF,1090,3.0,1.0,4.0,True,True,True,0.3458145779006844,0.03586700278637763,0.7625,4.75,0.75,0.75,0.39744672179222107,0.2243184745311737,0.0,0.0,2.5043324058060534e-05,0.08284242451190948,0.00013050783309154212,6.10810675425455e-05,-0.9845758080482483,-0.6573527455329895,0.30003631114959717
PD+FF,1091,3.0,1.0,4.0,True,True,True,0.6425593607712045,0.07192679853875718,0.6875,6.25,2.25,2.25,0.7968240976333618,0.4498171806335449,0.0,0.0,8.109986811177805e-05,0.1660294383764267,0.00027140596648678184,0.00012643192894756794,-1.8845704793930054,-0.6914018392562866,0.36124923825263977
PD+FF,1092,3.0,1.0,4.0,True,True,True,0.6321326755987904,0.07014326444872065,0.69,6.2,2.2,2.2,0.7771168351173401,0.43866536021232605,0.0,0.0,7.724737224634737e-05,0.16194045543670654,0.00026595350936986506,0.00012392054486554116,-1.9696727991104126,-0.2278679758310318,0.31251582503318787
PD+FF,1093,3.0,1.0,4.0,True,True,True,0.29949244237024214,0.03257848683097606,0.7725,4.55,0.5499999999999998,0.5499999999999998,0.36098620295524597,0.20374931395053864,0.0,0.0,1.931032420543488e-05,0.07523702830076218,0.0001184838474728167,5.503297506948002e-05,-0.8791002631187439,0.07968070358037949,0.43002596497535706
PD+FF,1094,3.0,1.0,4.0,True,True,True,0.3041178073153236,0.03119218726377875,0.775,4.5,0.5,0.5,0.34563690423965454,0.19507509469985962,0.0,0.0,1.9334293028805405e-05,0.072044737637043,0.00011671466927509755,5.4315962188411504e-05,-0.9031349420547485,-0.5643354058265686,0.2514164447784424
PD+FF,1095,3.0,1.0,4.0,True,True,True,0.41630384527772823,0.04409456830065914,0.74,5.2,1.2000000000000002,1.2000000000000002,0.4885913133621216,0.2757667303085327,0.0,0.0,3.602007927838713e-05,0.10183633863925934,0.0001561017124913633,7.342038588831201e-05,-1.3096781969070435,-0.4019305408000946,0.2943161725997925
PD+FF,1096,3.0,1.0,4.0,True,True,True,0.26376151505664724,0.026597678131486648,0.79,4.2,0.20000000000000018,0.20000000000000018,0.29473572969436646,0.16634461283683777,0.0,0.0,1.4740832739335019e-05,0.0614362396299839,9.423988376511261e-05,4.421129051479511e-05,-0.5565752387046814,0.7886120080947876,0.27283963561058044
PD+FF,1097,3.0,1.0,4.0,True,True,True,0.39831786945380093,0.042133705974502174,0.745,5.1000000000000005,1.1000000000000005,1.1000000000000005,0.466866672039032,0.26350486278533936,0.0,0.0,3.279671000200324e-05,0.09730850160121918,0.00014499874669127166,6.847454642411321e-05,-1.3080552816390991,0.037033263593912125,0.27344202995300293
PD+FF,1098,3.0,1.0,4.0,True,True,True,0.4285873003861757,0.047887963310481466,0.7325,5.3500000000000005,1.3500000000000005,1.3500000000000005,0.5305724740028381,0.2994852364063263,0.0,0.0,3.7789759517181665e-05,0.11057120561599731,0.00015999135212041438,7.62003764975816e-05,-1.2224541902542114,-0.25077617168426514,0.4742331802845001
PD+FF,1099,3.0,1.0,4.0,True,True,True,0.6326185209494796,0.0721028485151795,0.6875,6.25,2.25,2.25,0.7986903190612793,0.450908899307251,0.0,0.0,7.842508784960955e-05,0.16639384627342224,0.0002604988985694945,0.00012204886297695339,-1.9130916595458984,0.09447009861469269,0.36984628438949585
Direct PPO,1000,3.0,1.0,4.0,True,True,True,0.3448344247444864,0.005509388694249944,0.8475,3.0500000000000003,0.0,0.0,0.05784634128212929,0.012809322215616703,0.008124232292175293,0.008124232292175293,0.003170543350279331,0.5646498799324036,0.0053661600686609745,5.126001724420348e-06,-1.2179213762283325,0.20768369734287262,0.34128254652023315
Direct PPO,1001,3.0,1.0,4.0,True,True,True,0.340395322795552,0.0023976945003205286,0.8675,2.6500000000000004,0.0,0.0,0.05880317464470863,0.008281322196125984,0.006179869174957275,0.0011949539184570312,0.0033075788524001837,0.555042564868927,0.0023885415866971016,3.2782648418105964e-07,-1.0811076164245605,-0.9685990810394287,0.25630688667297363
Direct PPO,1002,3.0,1.0,4.0,True,True,True,0.4641561663967859,0.0588412256615591,0.7,6.0,2.0,2.0,0.3039841651916504,0.43721723556518555,0.4370993375778198,0.4370993375778198,0.012687856331467628,2.00026273727417,0.008450530469417572,3.237677219658508e-06,-1.428768277168274,-0.28562131524086,0.4242836833000183
Direct PPO,1003,3.0,1.0,4.0,True,True,True,0.5441329590369632,0.08103251576262187,0.6875,6.25,2.25,2.25,0.3611040413379669,0.5073164105415344,0.5072965621948242,0.5072965621948242,0.012734666466712952,2.001300573348999,0.005639262963086367,6.199027211550856e-06,-1.7183640003204346,-0.48658838868141174,0.34840381145477295
Direct PPO,1004,3.0,1.0,4.0,True,True,True,0.629103614728142,0.155600939217936,0.6525,7.15,3.1500000000000004,3.1500000000000004,0.41024747490882874,0.7457817792892456,0.7457559108734131,0.7457559108734131,0.012919734232127666,2.009873867034912,0.0022803405299782753,1.4736954199179308e-06,-1.998679280281067,-0.7396973967552185,0.24154320359230042
Direct PPO,1005,3.0,1.0,4.0,True,True,True,0.6026611337340186,0.12304037580047228,0.6675,6.65,2.6500000000000004,2.6500000000000004,0.35216134786605835,0.6494014859199524,0.6493265628814697,0.6493265628814697,0.012806346639990807,2.003443479537964,0.0031930734403431416,5.588983640336664e-06,-1.8766711950302124,0.8611240983009338,0.28618520498275757
Direct PPO,1006,3.0,1.0,4.0,True,True,True,0.41911899702799965,0.005205013035763065,0.835,3.3000000000000003,0.0,0.0,0.08004020154476166,0.04812994599342346,0.04650294780731201,0.04650294780731201,0.004797840490937233,0.7353762984275818,0.00331297074444592,1.5796255183886387e-06,-1.4946178197860718,0.20171388983726501,0.28934937715530396
Direct PPO,1007,3.0,1.0,4.0,True,True,True,0.6251185783361307,0.018067180897175746,0.7575,5.1000000000000005,1.1000000000000005,1.1000000000000005,0.6727544665336609,0.12177520245313644,0.12066376209259033,0.12066376209259033,0.006685968022793531,1.1365644931793213,0.007361872587352991,6.2891085690353066e-06,-1.8931626081466675,0.6319606900215149,0.39287856221199036
Direct PPO,1008,3.0,1.0,4.0,True,True,True,0.5116270289871865,0.012045856962186711,0.755,4.9,0.9000000000000004,0.9000000000000004,0.17790129780769348,0.16701777279376984,0.16482532024383545,0.16482532024383545,0.010481980629265308,1.5397220849990845,0.0025657874066382647,1.30199140357945e-07,-1.749120831489563,0.6261014938354492,0.26522985100746155
Direct PPO,1009,3.0,1.0,4.0,True,True,True,0.5400129247033085,0.01276070856349614,0.7475,5.050000000000001,1.0500000000000007,1.0500000000000007,0.17802023887634277,0.20276638865470886,0.20065832138061523,0.20065832138061523,0.010725603438913822,1.5085588693618774,0.002745270263403654,1.8221820710095926e-06,-1.9152493476867676,-0.3461688160896301,0.2149554342031479
Direct PPO,1010,3.0,1.0,4.0,True,True,True,0.651913796044347,0.019175234884340107,0.7625,4.75,0.75,0.75,0.8874287009239197,0.3643580973148346,0.009840965270996094,0.009840965270996094,0.0011225335765630007,0.23625533282756805,0.009961698204278946,1.0397078540336224e-06,-1.8575115203857422,0.07161146402359009,0.4753030240535736
Direct PPO,1011,3.0,1.0,4.0,True,True,True,0.4358738540916384,0.005012452730521475,0.83,3.35,0.25,0.25,0.07697644829750061,0.059600237756967545,0.05840301513671875,0.05840301513671875,0.005333463661372662,0.8028910160064697,0.0025319859851151705,9.077459139916755e-08,-1.57381272315979,0.12664707005023956,0.26378002762794495
Direct PPO,1012,3.0,1.0,4.0,True,True,True,0.43931429068977457,0.004913831197253299,0.835,3.3000000000000003,0.0,0.0,0.08523205667734146,0.05324311554431915,0.05178999900817871,0.05178999900817871,0.005114144179970026,0.7583392262458801,0.0027317460626363754,2.0564771148201544e-06,-1.5405192375183105,0.561293363571167,0.2715309262275696
Direct PPO,1013,3.0,1.0,4.0,True,True,True,0.28577356776394736,0.007398271616657628,0.8725,2.5500000000000003,0.0,0.0,0.060763806104660034,0.010208219289779663,0.007668495178222656,0.007668495178222656,0.002826472045853734,0.4113115668296814,0.007668892852962017,6.318118721537758e-06,-0.8082606196403503,-0.8420410752296448,0.401797890663147
Direct PPO,1014,3.0,1.0,4.0,True,True,True,0.4481103951085458,0.03643954074596355,0.72,5.6000000000000005,1.6000000000000005,1.6000000000000005,0.361014187335968,0.3089328706264496,0.3086249828338623,0.3086249828338623,0.012301737442612648,2.0007543563842773,0.00980440154671669,4.3339164790268114e-07,-1.3467140197753906,0.1714046150445938,0.4693894386291504
Direct PPO,1015,3.0,1.0,4.0,True,True,True,0.4598300451745728,0.05052133126705473,0.705,5.9,1.9000000000000004,1.9000000000000004,0.2669224143028259,0.42198869585990906,0.42184877395629883,0.42184877395629883,0.011881656013429165,1.9182630777359009,0.007342897821217775,5.216329554968979e-06,-1.4601455926895142,0.21413566172122955,0.39239153265953064
Direct PPO,1016,3.0,1.0,4.0,True,True,True,0.48340991150327284,0.016328603109313725,0.7425,5.15,1.1500000000000004,1.1500000000000004,0.19333437085151672,0.21557842195034027,0.21375823020935059,0.21375823020935059,0.010006347671151161,1.65155827999115,0.003945101052522659,6.896477202644746e-07,-1.6580126285552979,-0.11461202055215836,0.3060871958732605
Direct PPO,1017,3.0,1.0,4.0,True,True,True,0.23546418102685776,0.010489562596120485,0.865,2.7,0.0,0.0,0.0889614075422287,0.020270835608243942,0.010219573974609375,0.010219573974609375,0.0012646493269130588,0.3606237471103668,0.010384242981672287,6.526713605126133e-06,-0.62247234582901,0.6426637768745422,0.4917738139629364
Direct PPO,1018,3.0,1.0,4.0,True,True,True,0.3506275396913304,0.011967509161779123,0.795,4.1000000000000005,0.10000000000000053,0.10000000000000053,0.14502400159835815,0.06050638109445572,0.05285227298736572,0.05285227298736572,0.005380443297326565,1.1396101713180542,0.009589076973497868,3.219008021915215e-06,-1.1090368032455444,-0.0900818482041359,0.4614541530609131
Direct PPO,1019,3.0,1.0,4.0,True,True,True,0.525140061300592,0.10118048057852673,0.6775,6.45,2.45,2.45,0.3397502303123474,0.5910744667053223,0.5910744667053223,0.5910744667053223,0.01292463205754757,2.000488519668579,0.005312339402735233,8.52198468237475e-07,-1.674609661102295,-0.20800989866256714,0.34006524085998535
Direct PPO,1020,3.0,1.0,4.0,True,True,True,0.2906016690697679,0.002601563654550431,0.8675,2.6500000000000004,0.0,0.0,0.015634819865226746,0.005042421631515026,0.021298885345458984,0.0,0.003336935304105282,0.6589163541793823,0.002531872596591711,9.984008784158505e-07,-1.1319496631622314,-0.4326494336128235,0.2227078378200531
Direct PPO,1021,3.0,1.0,4.0,True,True,True,0.5215119999738518,0.0169833223395806,0.77,4.800000000000001,0.8000000000000007,0.8000000000000007,0.5358088612556458,0.09190820157527924,0.08736038208007812,0.08736038208007812,0.006605589762330055,1.1932140588760376,0.010517271235585213,6.140107871033251e-06,-1.4384177923202515,-0.8382971882820129,0.49743902683258057
Direct PPO,1022,3.0,1.0,4.0,True,True,True,0.6676301978164388,0.014840507162744643,0.76,5.0,1.0,1.0,0.7304788827896118,0.11301068216562271,0.090301513671875,0.090301513671875,0.006184297613799572,1.0443408489227295,0.006770368665456772,8.106459063128568e-06,-1.999210000038147,0.8368335366249084,0.37694433331489563
Direct PPO,1023,3.0,1.0,4.0,True,True,True,0.5260458666288573,0.021187557354689187,0.7575,5.1000000000000005,1.1000000000000005,1.1000000000000005,0.5179135799407959,0.1482996791601181,0.14741015434265137,0.14741015434265137,0.008202945813536644,1.5274920463562012,0.009898713789880276,2.26422073978938e-07,-1.4916963577270508,0.8117974996566772,0.4728805720806122
Direct PPO,1024,3.0,1.0,4.0,True,True,True,0.4419972822254022,0.007128757489018989,0.795,4.3500000000000005,0.35000000000000053,0.35000000000000053,0.10998379439115524,0.06755512952804565,0.06458663940429688,0.06458663940429688,0.007342319004237652,1.116578221321106,0.004142823629081249,9.241890097655414e-07,-1.51630699634552,-0.48329436779022217,0.3110935389995575
Direct PPO,1025,3.0,1.0,4.0,True,True,True,0.18844570935094954,0.002299828014172902,0.89,2.2,0.0,0.0,0.024773646146059036,0.004098091274499893,0.004011273384094238,0.004011273384094238,0.0029866977129131556,0.5958549380302429,0.002302494365721941,3.5166742691217223e-06,-0.7683239579200745,0.258014976978302,0.24864348769187927
Direct PPO,1026,3.0,1.0,4.0,True,True,True,0.4939146908361675,0.009789309872815224,0.7725,4.75,0.75,0.75,0.155379056930542,0.13704584538936615,0.13439440727233887,0.13439440727233887,0.010093131102621555,1.487452745437622,0.002424775855615735,2.8016611395287327e-06,-1.7438942193984985,0.19023452699184418,0.2583710551261902
Direct PPO,1027,3.0,1.0,4.0,True,True,True,0.6268782594381176,0.0227889740819021,0.735,5.300000000000001,1.3000000000000007,1.3000000000000007,0.6655834913253784,0.1675519198179245,0.1666029691696167,0.1666029691696167,0.007476399186998606,1.3558855056762695,0.006481008604168892,2.6846314540307503e-06,-1.9580382108688354,0.12429128587245941,0.36954861879348755
Direct PPO,1028,3.0,1.0,4.0,True,True,True,0.2224272044615498,0.0076163374275769425,0.875,2.5,0.0,0.0,0.04734690114855766,0.01136692427098751,0.007706642150878906,0.007706642150878906,0.002507920144125819,0.38387927412986755,0.007704312913119793,7.983164778124774e-07,-0.7757433652877808,-0.22796711325645447,0.4025936424732208
Direct PPO,1029,3.0,1.0,4.0,True,True,True,0.21175791587211168,0.002675541949494944,0.8875,2.25,0.0,0.0,0.04937256500124931,0.006245776545256376,0.006103813648223877,0.006103813648223877,0.003015349619090557,0.5023524165153503,0.002751060063019395,2.6525231078267097e-06,-0.7448340058326721,0.6458722352981567,0.214758962392807
Direct PPO,1030,3.0,1.0,4.0,True,True,True,0.5797956073864052,0.01968441067194642,0.76,5.050000000000001,1.0500000000000007,1.0500000000000007,0.5793032050132751,0.13236504793167114,0.12941479682922363,0.12941479682922363,0.007259588688611984,1.3490447998046875,0.0090672317892313,9.050055496118148e-07,-1.6447029113769531,-0.9496257901191711,0.4438457489013672
Direct PPO,1031,3.0,1.0,4.0,True,True,True,0.33393715813513924,0.007737533342238862,0.855,2.9000000000000004,0.0,0.0,0.09725718200206757,0.018539639189839363,0.007761955261230469,0.007761955261230469,0.0025790357030928135,0.41325345635414124,0.007569815032184124,5.602843430096982e-06,-0.9611496329307556,0.9009804725646973,0.39864641427993774
Direct PPO,1032,3.0,1.0,4.0,True,True,True,0.23970321782619972,0.010436887291542345,0.87,2.6,0.0,0.0,0.0748479887843132,0.02055509015917778,0.01033926010131836,0.01033926010131836,0.0014389284187927842,0.36252540349960327,0.01054790522903204,2.4438550099148415e-06,-0.6833899617195129,-0.5306191444396973,0.49894750118255615
Direct PPO,1033,3.0,1.0,4.0,True,True,True,0.28002395463573115,0.010135756681565487,0.8575,2.85,0.0,0.0,0.1009749323129654,0.022041700780391693,0.00989675521850586,0.00989675521850586,0.0016138728242367506,0.4187488853931427,0.009986386634409428,1.2813110572551523e-07,-0.7577928304672241,0.7459949851036072,0.4761985242366791
Direct PPO,1034,3.0,1.0,4.0,True,True,True,0.17621348368379763,0.002525960377469257,0.89,2.2,0.0,0.0,0.05171135440468788,0.007620430551469326,0.0,0.0,0.003094662679359317,0.5150842070579529,0.002518584718927741,2.354413936700439e-06,-0.5296080112457275,-0.6777904629707336,0.22327283024787903
Direct PPO,1035,3.0,1.0,4.0,True,True,True,0.49630271002221577,0.03516046939464992,0.72,5.6000000000000005,1.6000000000000005,1.6000000000000005,0.43318310379981995,0.2871447503566742,0.2867856025695801,0.2867856025695801,0.012535331770777702,2.0000076293945312,0.008851250633597374,6.292473813118704e-07,-1.5201642513275146,-0.23973245918750763,0.436818927526474
Direct PPO,1036,3.0,1.0,4.0,True,True,True,0.4822614292463591,0.025888106892167667,0.725,5.5,1.5,1.5,0.22143852710723877,0.3027900159358978,0.3022052049636841,0.3022052049636841,0.010657419450581074,1.7807531356811523,0.005672168917953968,1.7614679563848767e-06,-1.558912754058838,0.6018440127372742,0.34900519251823425
Direct PPO,1037,3.0,1.0,4.0,True,True,True,0.4868859351893805,0.0832936088816207,0.685,6.300000000000001,2.3000000000000007,2.3000000000000007,0.3239307701587677,0.5391295552253723,0.5391016006469727,0.5391016006469727,0.012879794463515282,1.9977095127105713,0.006974116433411837,4.113514478376601e-06,-1.5164998769760132,-0.3818822205066681,0.38270920515060425
Direct PPO,1038,3.0,1.0,4.0,True,True,True,0.4630209778073828,0.007580289391931144,0.795,4.3500000000000005,0.35000000000000053,0.35000000000000053,0.11686212569475174,0.0704944059252739,0.06698787212371826,0.06698787212371826,0.007708039600402117,1.2124048471450806,0.004430359695106745,4.94727692057495e-06,-1.5098652839660645,-0.8029577136039734,0.31811848282814026
Direct PPO,1039,3.0,1.0,4.0,True,True,True,0.18709423113142593,0.006315684513118603,0.8875,2.25,0.0,0.0,0.03592924401164055,0.008381042629480362,0.006342411041259766,0.006342411041259766,0.0025970858987420797,0.44575685262680054,0.006347413640469313,2.980964097787364e-07,-0.6960156559944153,-0.0387578122317791,0.3661683201789856
Direct PPO,1040,3.0,1.0,4.0,True,True,True,0.2425285637179854,0.008156138904733316,0.875,2.5,0.0,0.0,0.07119105756282806,0.015208681114017963,0.00813746452331543,0.00813746452331543,0.002115140203386545,0.3149908483028412,0.008084729313850403,2.732132031724177e-07,-0.7547146081924438,0.5635512471199036,0.4134989380836487
Direct PPO,1041,3.0,1.0,4.0,True,True,True,0.20003593175927895,0.009609625063574068,0.88,2.4000000000000004,0.0,0.0,0.06035204231739044,0.015946226194500923,0.009601116180419922,0.009601116180419922,0.0015933796530589461,0.2780040204524994,0.009690447710454464,1.3709692439078935e-06,-0.6478168964385986,-0.19675222039222717,0.46515655517578125
Direct PPO,1042,3.0,1.0,4.0,True,True,True,0.4440392443456439,0.019070069194077794,0.7425,5.15,1.1500000000000004,1.1500000000000004,0.19792191684246063,0.2214769870042801,0.21976912021636963,0.21976912021636963,0.010252163745462894,1.7347930669784546,0.00660722516477108,3.66692529496504e-06,-1.463887333869934,-0.25558269023895264,0.3728010952472687
Direct PPO,1043,3.0,1.0,4.0,True,True,True,0.5672762901903522,0.11000474500874749,0.6725,6.550000000000001,2.5500000000000007,2.5500000000000007,0.3485986888408661,0.6155892610549927,0.6155861616134644,0.6155861616134644,0.012883465737104416,2.009664297103882,0.004478604067116976,5.821966624353081e-07,-1.7490100860595703,-0.7958716750144958,0.31946444511413574
Direct PPO,1044,3.0,1.0,4.0,True,True,True,0.5780079032597143,0.02745614003618133,0.72,5.6000000000000005,1.6000000000000005,1.6000000000000005,0.2242867797613144,0.3306485712528229,0.33012741804122925,0.33012741804122925,0.010189453139901161,1.6488103866577148,0.0029215076938271523,1.328036319137027e-06,-1.981444239616394,0.7169352173805237,0.20961801707744598
Direct PPO,1045,3.0,1.0,4.0,True,True,True,0.2191700831444253,0.008026349448770866,0.8775,2.45,0.0,0.0,0.046776216477155685,0.01139507070183754,0.00815582275390625,0.00815582275390625,0.00235146121121943,0.36642932891845703,0.00816264096647501,1.133745627157623e-06,-0.7272861003875732,-0.39523494243621826,0.4158290922641754
Direct PPO,1046,3.0,1.0,4.0,True,True,True,0.6172293293450363,0.01886380778375934,0.755,5.15,1.1500000000000004,1.1500000000000004,0.6588134765625,0.12963545322418213,0.12853705883026123,0.12853705883026123,0.006796105299144983,1.1970129013061523,0.007491135038435459,4.620756499207346e-06,-1.868130087852478,0.6265861392021179,0.39649125933647156
Direct PPO,1047,3.0,1.0,4.0,True,True,True,0.31384758576256666,0.003628198418491989,0.8575,2.85,0.0,0.0,0.025235522538423538,0.003956696949899197,0.0033791065216064453,0.0033791065216064453,0.0032002523075789213,0.638089656829834,0.0036627615336328745,8.642673492431641e-07,-1.1699552536010742,-0.14992530643939972,0.29876548051834106
Direct PPO,1048,3.0,1.0,4.0,True,True,True,0.32535274227206484,0.010088143235190167,0.85,3.0,0.0,0.0,0.09808911383152008,0.023958776146173477,0.01000213623046875,0.01000213623046875,0.002057901816442609,0.5062327980995178,0.010146682150661945,4.778996185450524e-07,-0.9076822996139526,-0.7630760073661804,0.4824531674385071
Direct PPO,1049,3.0,1.0,4.0,True,True,True,0.5273175580094225,0.026794332697930738,0.7325,5.3500000000000005,1.3500000000000005,1.3500000000000005,0.5154702663421631,0.2113027274608612,0.2106938362121582,0.2106938362121582,0.010710451751947403,1.8547183275222778,0.008743018843233585,3.017323933818261e-06,-1.6127384901046753,0.09402617067098618,0.43331217765808105
Direct PPO,1050,3.0,1.0,4.0,True,True,True,0.42940090296609457,0.03113081153431726,0.7275,5.45,1.4500000000000002,1.4500000000000002,0.3527805805206299,0.2694849371910095,0.2687656879425049,0.2687656879425049,0.012411192990839481,2.0007693767547607,0.010545306839048862,3.0496328236040426e-06,-1.2507070302963257,-0.40418457984924316,0.49881017208099365
Direct PPO,1051,3.0,1.0,4.0,True,True,True,0.23389851002530523,0.002377689907704319,0.885,2.3000000000000003,0.0,0.0,0.02778881974518299,0.0035199106205254793,0.0013041496276855469,0.0013041496276855469,0.003064466407522559,0.6061887145042419,0.0024226068053394556,2.2649765014648438e-06,-0.8433747291564941,-0.6024307608604431,0.2584548592567444
Direct PPO,1052,3.0,1.0,4.0,True,True,True,0.46133333008753474,0.013720484261479772,0.7575,4.8500000000000005,0.8500000000000005,0.8500000000000005,0.17720972001552582,0.16022233664989471,0.1576688289642334,0.1576688289642334,0.009973200969398022,1.6140031814575195,0.004705286119133234,5.811852588522015e-06,-1.577463150024414,-0.03658809885382652,0.32490968704223633
Direct PPO,1053,3.0,1.0,4.0,True,True,True,0.22895050735752623,0.009088839039773285,0.8725,2.5500000000000003,0.0,0.0,0.059429045766592026,0.015390410088002682,0.00916290283203125,0.00916290283203125,0.0019112257286906242,0.2910318076610565,0.009214348159730434,4.261792582838098e-06,-0.7320424914360046,-0.38764455914497375,0.44851720333099365
Direct PPO,1054,3.0,1.0,4.0,True,True,True,0.6260853495267892,0.03956349128470457,0.715,5.7,1.7000000000000002,1.7000000000000002,0.5921423435211182,0.28484076261520386,0.2846759557723999,0.2846759557723999,0.012319992296397686,2.0043575763702393,0.005491654854267836,7.153759725042619e-06,-1.9604523181915283,0.6108824014663696,0.3443475067615509
Direct PPO,1055,3.0,1.0,4.0,True,True,True,0.27546272411309936,0.0064319534554620195,0.875,2.5,0.0,0.0,0.054800182580947876,0.007094015832990408,0.006676673889160156,0.006676673889160156,0.003005435224622488,0.4740158021450043,0.00668777571991086,2.6834209165826906e-07,-0.8035520911216736,-0.8197364807128906,0.37500709295272827
Direct PPO,1056,3.0,1.0,4.0,True,True,True,0.21778631756147682,0.005006085121716384,0.89,2.3000000000000003,0.0,0.0,0.051433686167001724,0.00523106986656785,0.005141258239746094,0.005141258239746094,0.003044147277250886,0.4664081037044525,0.00523106986656785,3.635885832409258e-06,-0.6173267960548401,-0.7547652125358582,0.33817118406295776
Direct PPO,1057,3.0,1.0,4.0,True,True,True,0.3888816208392928,0.004600220958409603,0.84,3.2,0.0,0.0,0.055312156677246094,0.03037079982459545,0.029352426528930664,0.029352426528930664,0.0038478351198136806,0.5523059368133545,0.003637877060100436,2.7418195713835303e-06,-1.4013786315917969,-0.020997419953346252,0.2980625629425049
Direct PPO,1058,3.0,1.0,4.0,True,True,True,0.6205476870479063,0.04541401696871427,0.71,5.800000000000001,1.8000000000000007,1.8000000000000007,0.5590449571609497,0.32005149126052856,0.31976473331451416,0.31976473331451416,0.012424214743077755,2.0032663345336914,0.005409087520092726,1.0216976988886017e-06,-1.9344123601913452,-0.6835842132568359,0.34246277809143066
Direct PPO,1059,3.0,1.0,4.0,True,True,True,0.3784579806835486,0.005475162827195491,0.8425,3.1500000000000004,0.0,0.0,0.05723927170038223,0.02287808246910572,0.020765066146850586,0.020765066146850586,0.0039228820241987705,0.5959351062774658,0.004900465719401836,1.0729301038736594e-06,-1.3239208459854126,-0.34795770049095154,0.3298633396625519
Direct PPO,1060,3.0,1.0,4.0,True,True,True,0.23352703163334187,0.009722654396156487,0.87,2.6,0.0,0.0,0.06640340387821198,0.013945656828582287,0.009884834289550781,0.009884834289550781,0.0016067586839199066,0.3610687851905823,0.010012973099946976,6.7949563344882336e-06,-0.5232435464859009,-0.8263487219810486,0.4775193929672241
Direct PPO,1061,3.0,1.0,4.0,True,True,True,0.28229053245838565,0.003349105806901457,0.865,2.7,0.0,0.0,0.027056680992245674,0.005797301884740591,0.005008697509765625,0.005008697509765625,0.0028433571569621563,0.5322882533073425,0.00331245013512671,3.904104232788086e-06,-1.0766786336898804,0.09924349933862686,0.28927016258239746
Direct PPO,1062,3.0,1.0,4.0,True,True,True,0.3312142142322589,0.00848175112283438,0.85,3.0,0.0,0.0,0.07903016358613968,0.018031375482678413,0.008589744567871094,0.008589744567871094,0.0026189356576651335,0.41179898381233215,0.008609943091869354,3.581008343189751e-07,-1.020176649093628,-0.6513675451278687,0.4292861223220825
Direct PPO,1063,3.0,1.0,4.0,True,True,True,0.1788639593063739,0.0034462640842740744,0.8875,2.25,0.0,0.0,0.054332707077264786,0.009616997092962265,0.007629275321960449,0.007629275321960449,0.0026241519954055548,0.4093274176120758,0.0033198788296431303,1.2218965821375605e-06,-0.5567145943641663,0.6067063212394714,0.2895512878894806
Direct PPO,1064,3.0,1.0,4.0,True,True,True,0.44120856954836013,0.0046182742226862665,0.83,3.35,0.25,0.25,0.06224736198782921,0.06057848036289215,0.05980074405670166,0.05980074405670166,0.005419260356575251,0.7552504539489746,0.002280551940202713,3.133163772872649e-07,-1.6129041910171509,-0.13716638088226318,0.24278511106967926
Direct PPO,1065,3.0,1.0,4.0,True,True,True,0.1881768310348212,0.009143835055842887,0.8925,2.15,0.0,0.0,0.04842573404312134,0.011141296476125717,0.009298324584960938,0.009298324584960938,0.0016850129468366504,0.27082228660583496,0.009361078962683678,2.683160573724308e-06,-0.5033138990402222,-0.5932050347328186,0.453745573759079
Direct PPO,1066,3.0,1.0,4.0,True,True,True,0.3566885806264168,0.0031552632875967907,0.8525,2.95,0.0,0.0,0.0476764440536499,0.010758556425571442,0.032720088958740234,0.007551789283752441,0.0032998688984662294,0.6935980916023254,0.002978035481646657,2.0563659290928626e-06,-1.3762075901031494,0.32575497031211853,0.20805609226226807
Direct PPO,1067,3.0,1.0,4.0,True,True,True,0.23304731914737664,0.003114365707830087,0.8625,2.75,0.0,0.0,0.0808953046798706,0.010002167895436287,0.00974363088607788,0.00974363088607788,0.0029321021866053343,0.43427279591560364,0.0032253353856503963,2.881675527532934e-06,-0.6176835894584656,0.9055254459381104,0.20151829719543457
Direct PPO,1068,3.0,1.0,4.0,True,True,True,0.21172831483266025,0.002356473733013343,0.8875,2.25,0.0,0.0,0.04169970750808716,0.006687195505946875,0.006329536437988281,0.006329536437988281,0.002885465743020177,0.5778514742851257,0.0023162001743912697,1.0728838333307067e-06,-0.7787961959838867,0.5352519750595093,0.25048118829727173
Direct PPO,1069,3.0,1.0,4.0,True,True,True,0.2095507476735087,0.0024305199473673308,0.8675,2.6500000000000004,0.0,0.0,0.07701088488101959,0.011348852887749672,0.010496139526367188,0.010496139526367188,0.0024960110895335674,0.36925727128982544,0.0022941010538488626,1.2517078857854358e-06,-0.5076419115066528,0.8446078896522522,0.24751581251621246
Direct PPO,1070,3.0,1.0,4.0,True,True,True,0.49418573135020905,0.0050093048016960975,0.795,4.3,0.2999999999999998,0.2999999999999998,0.10046977549791336,0.07139763236045837,0.0702354907989502,0.0702354907989502,0.006070379633456469,0.8757171630859375,0.0023985502775758505,1.4314799727799254e-06,-1.6644020080566406,0.9533751606941223,0.22921264171600342
Direct PPO,1071,3.0,1.0,4.0,True,True,True,0.4823678987428022,0.006852977666812337,0.7875,4.45,0.4500000000000002,0.4500000000000002,0.1260363757610321,0.08670968562364578,0.08406710624694824,0.08406710624694824,0.008077866397798061,1.2219464778900146,0.0026803023647516966,2.9887408459217113e-07,-1.6379417181015015,0.7469041347503662,0.26974478363990784
Direct PPO,1072,3.0,1.0,4.0,True,True,True,0.40646371077418003,0.03485591647977707,0.72,5.6000000000000005,1.6000000000000005,1.6000000000000005,0.23207567632198334,0.3398485481739044,0.3394448757171631,0.3394448757171631,0.011840675957500935,1.9304312467575073,0.009718767367303371,2.6952304779115366e-06,-1.22187077999115,0.3675197660923004,0.4661308228969574
Direct PPO,1073,3.0,1.0,4.0,True,True,True,0.5059048390047981,0.0676547728052756,0.695,6.1000000000000005,2.1000000000000005,2.1000000000000005,0.29788973927497864,0.4865286648273468,0.48651623725891113,0.48651623725891113,0.012334822677075863,1.9593679904937744,0.006873998790979385,2.980282943099155e-06,-1.5133368968963623,0.8512749075889587,0.3800120949745178
Direct PPO,1074,3.0,1.0,4.0,True,True,True,0.1680151613968014,0.010370954618690288,0.89,2.2,0.0,0.0,0.055115003138780594,0.015745166689157486,0.010285377502441406,0.010285377502441406,0.0012389597250148654,0.259185791015625,0.010483252815902233,1.8141828661555337e-07,-0.5001789927482605,-0.2884053587913513,0.4962819218635559
Direct PPO,1075,3.0,1.0,4.0,True,True,True,0.27786166461249134,0.002421484953712567,0.8625,2.75,0.0,0.0,0.08022453635931015,0.01170127373188734,0.011327505111694336,0.011327505111694336,0.0032274334225803614,0.5635643601417542,0.002290191361680627,2.2351803181663854e-06,-0.8189709782600403,0.9466501474380493,0.23914383351802826
Direct PPO,1076,3.0,1.0,4.0,True,True,True,0.48628592949724136,0.034362234457354604,0.7225,5.550000000000001,1.5500000000000007,1.5500000000000007,0.4066121578216553,0.28752028942108154,0.2869136333465576,0.2869136333465576,0.012455428019165993,2.0021326541900635,0.009339791722595692,2.1398509488790296e-06,-1.445397138595581,-0.562984049320221,0.45283621549606323
Direct PPO,1077,3.0,1.0,4.0,True,True,True,0.23362831516384044,0.0025264888420105007,0.8725,2.5500000000000003,0.0,0.0,0.06945958733558655,0.008020628243684769,0.0018703937530517578,0.0018703937530517578,0.0033117944840341806,0.5508671998977661,0.0026706054341048002,1.4901170288794674e-06,-0.6151338219642639,-0.8893533945083618,0.2694230377674103
Direct PPO,1078,3.0,1.0,4.0,True,True,True,0.20063860963134691,0.0023308767282105864,0.8975,2.0500000000000003,0.0,0.0,0.044806282967329025,0.006339796353131533,4.100799560546875e-05,4.100799560546875e-05,0.0031118912156671286,0.5779286026954651,0.002324189990758896,9.983934887713986e-07,-0.6580581068992615,-0.6858707666397095,0.23459486663341522
Direct PPO,1079,3.0,1.0,4.0,True,True,True,0.25867968117100376,0.01051338561221011,0.8575,2.85,0.0,0.0,0.09839547425508499,0.020375145599246025,0.010241985321044922,0.010241985321044922,0.001259824843145907,0.39709800481796265,0.010328452102839947,2.6822169729712186e-06,-0.5874135494232178,0.8651593327522278,0.4896434247493744
Direct PPO,1080,3.0,1.0,4.0,True,True,True,0.2225138367340641,0.00657514140269145,0.8775,2.45,0.0,0.0,0.06825575232505798,0.013593948446214199,0.008650779724121094,0.008650779724121094,0.002331699710339308,0.3554557263851166,0.006406506523489952,5.27501106262207e-06,-0.6397119164466858,0.7102972865104675,0.367546945810318
Direct PPO,1081,3.0,1.0,4.0,True,True,True,0.4060132550120673,0.004340732728934476,0.8425,3.1500000000000004,0.0,0.0,0.07700420171022415,0.02217724733054638,0.02069985866546631,0.02069985866546631,0.00368455215357244,0.5500191450119019,0.0037347711622714996,4.173003276264353e-07,-1.3320256471633911,0.8601993322372437,0.3006768822669983
Direct PPO,1082,3.0,1.0,4.0,True,True,True,0.2557490302981626,0.004124262786330544,0.8725,2.5500000000000003,0.0,0.0,0.018308356404304504,0.004173118155449629,0.0039598941802978516,0.0039598941802978516,0.003083747113123536,0.5723758339881897,0.004173118155449629,1.1920928955078125e-06,-0.9581221342086792,-0.30673766136169434,0.3117980659008026
Direct PPO,1083,3.0,1.0,4.0,True,True,True,0.3795785385318059,0.002980162733857631,0.85,3.0,0.0,0.0,0.05619077757000923,0.015726035460829735,0.025307059288024902,0.01463991403579712,0.003394646802917123,0.6765255928039551,0.0027003269642591476,1.9977155716333073e-06,-1.3940625190734863,0.6289385557174683,0.21643398702144623
Direct PPO,1084,3.0,1.0,4.0,True,True,True,0.27830454248938424,0.007560265486083548,0.875,2.5,0.0,0.0,0.06565254926681519,0.01010993029922247,0.007854461669921875,0.007854461669921875,0.002766238059848547,0.3882583975791931,0.007856383919715881,5.84182407692424e-06,-0.7371216416358948,-0.8951173424720764,0.4071005880832672
Direct PPO,1085,3.0,1.0,4.0,True,True,True,0.20701901166525816,0.008037615731785765,0.88,2.4000000000000004,0.0,0.0,0.05047699436545372,0.012268949300050735,0.008095741271972656,0.008095741271972656,0.0021349990274757147,0.3434196412563324,0.008101159706711769,3.4276674796274165e-06,-0.7224554419517517,-0.08529454469680786,0.4138740301132202
Direct PPO,1086,3.0,1.0,4.0,True,True,True,0.2600753682314907,0.008691323130840041,0.8725,2.5500000000000003,0.0,0.0,0.0604044646024704,0.013903132639825344,0.008880138397216797,0.008880138397216797,0.0021922860760241747,0.3258745074272156,0.008913470432162285,1.5497256526941783e-06,-0.7490203976631165,-0.7008727788925171,0.4387705326080322
Direct PPO,1087,3.0,1.0,4.0,True,True,True,0.3966111040945933,0.0048611134676472155,0.845,3.1,0.0,0.0,0.048791080713272095,0.008335833437740803,0.007322430610656738,0.007322430610656738,0.003352970350533724,0.5633153319358826,0.004801405128091574,1.2815041827707319e-06,-1.2718281745910645,-0.8616007566452026,0.3274095356464386
Direct PPO,1088,3.0,1.0,4.0,True,True,True,0.41125095706449527,0.013980421909269253,0.7875,4.45,0.4500000000000002,0.4500000000000002,0.16021527349948883,0.09227853268384933,0.08496463298797607,0.08496463298797607,0.00780219491571188,1.5015171766281128,0.009564867243170738,3.934488177037565e-06,-1.148199200630188,-0.9221230149269104,0.4605681300163269
Direct PPO,1089,3.0,1.0,4.0,True,True,True,0.6017098069850173,0.02964841264127896,0.725,5.5,1.5,1.5,0.5915637016296387,0.22581365704536438,0.22541463375091553,0.22541463375091553,0.010241539217531681,1.7927912473678589,0.006853311788290739,7.362523774645524e-06,-1.8535881042480469,0.5890284776687622,0.37915652990341187
Direct PPO,1090,3.0,1.0,4.0,True,True,True,0.2850978053959356,0.0035934816748909152,0.87,2.6,0.0,0.0,0.02770344354212284,0.0037099069450050592,0.0033893585205078125,0.0033893585205078125,0.003162272507324815,0.5585477352142334,0.0037099069450050592,5.9604775515254e-07,-0.9845758080482483,-0.6573527455329895,0.30003631114959717
Direct PPO,1091,3.0,1.0,4.0,True,True,True,0.610776905884784,0.03789321574571002,0.715,5.7,1.7000000000000002,1.7000000000000002,0.566493809223175,0.2800137400627136,0.27949273586273193,0.27949273586273193,0.01232172455638647,2.003814220428467,0.006155680399388075,5.842319978910382e-07,-1.8845704793930054,-0.6914018392562866,0.36124923825263977
Direct PPO,1092,3.0,1.0,4.0,True,True,True,0.6088875945894959,0.06830105645079902,0.6925,6.15,2.1500000000000004,2.1500000000000004,0.5030586123466492,0.42864173650741577,0.42862164974212646,0.42862164974212646,0.012635438703000546,2.0000357627868652,0.004200093913823366,3.6233919331607467e-07,-1.9696727991104126,-0.2278679758310318,0.31251582503318787
Direct PPO,1093,3.0,1.0,4.0,True,True,True,0.2617356578629819,0.008623601625342822,0.8625,2.75,0.0,0.0,0.07352710515260696,0.017435969784855843,0.008624553680419922,0.008624553680419922,0.002025158843025565,0.3275986611843109,0.00863938219845295,4.569417797029018e-06,-0.8791002631187439,0.07968070358037949,0.43002596497535706
Direct PPO,1094,3.0,1.0,4.0,True,True,True,0.2436792326024957,0.002311854365182207,0.88,2.4000000000000004,0.0,0.0,0.02256406843662262,0.0037057185545563698,0.0022569894790649414,0.0009360313415527344,0.003050163621082902,0.5768418908119202,0.0023234172258526087,2.2351871393766487e-06,-0.9031349420547485,-0.5643354058265686,0.2514164447784424
Direct PPO,1095,3.0,1.0,4.0,True,True,True,0.36369365179947605,0.003787077606101005,0.8475,3.0500000000000003,0.0,0.0,0.021080223843455315,0.012905891984701157,0.013206958770751953,0.01282036304473877,0.003185415407642722,0.5470459461212158,0.0034932533744722605,4.470348358154297e-07,-1.3096781969070435,-0.4019305408000946,0.2943161725997925
Direct PPO,1096,3.0,1.0,4.0,True,True,True,0.20758975544090777,0.0029633639915630674,0.8725,2.5500000000000003,0.0,0.0,0.07035399228334427,0.011327934451401234,0.00997614860534668,0.00997614860534668,0.00263333972543478,0.37312740087509155,0.0027678159531205893,5.066398216513335e-07,-0.5565752387046814,0.7886120080947876,0.27283963561058044
Direct PPO,1097,3.0,1.0,4.0,True,True,True,0.35007125827656954,0.0030211458479743195,0.85,3.0,0.0,0.0,0.02885916270315647,0.01066170446574688,0.010791778564453125,0.010647416114807129,0.0033045276068150997,0.6725095510482788,0.002786607714369893,1.8477475123290787e-06,-1.3080552816390991,0.037033263593912125,0.27344202995300293
Direct PPO,1098,3.0,1.0,4.0,True,True,True,0.4102737286598251,0.04974817156602028,0.7075,5.8500000000000005,1.8500000000000005,1.8500000000000005,0.2560800015926361,0.4105716645717621,0.4103584289550781,0.4103584289550781,0.012728016823530197,2.0003533363342285,0.009937124326825142,2.301094127687975e-06,-1.2224541902542114,-0.25077617168426514,0.4742331802845001
Direct PPO,1099,3.0,1.0,4.0,True,True,True,0.6097479871765933,0.027930611604248635,0.7275,5.45,1.4500000000000002,1.4500000000000002,0.6216234564781189,0.2107563018798828,0.21013474464416504,0.21013474464416504,0.009251943789422512,1.6530388593673706,0.0064949532970786095,4.8893339226196986e-06,-1.9130916595458984,0.09447009861469269,0.36984628438949585
Residual PPO,1000,3.0,1.0,4.0,True,True,True,0.3604832348959857,0.007800962918619208,0.79,4.2,0.20000000000000018,0.20000000000000018,0.2649036645889282,0.03328115493059158,0.022220730781555176,0.022220730781555176,0.00017689909145701677,0.22128155827522278,0.00503683602437377,4.7154712774499785e-06,-1.2179213762283325,0.20768369734287262,0.34128254652023315
Residual PPO,1001,3.0,1.0,4.0,True,True,True,0.3757386075964414,0.015790476501939783,0.7925,4.15,0.15000000000000036,0.15000000000000036,0.26456987857818604,0.11760880053043365,0.06553041934967041,0.06553041934967041,0.00018666814139578491,0.22569294273853302,0.001964986091479659,5.461632554215612e-06,-1.0811076164245605,-0.9685990810394287,0.25630688667297363
Residual PPO,1002,3.0,1.0,4.0,True,True,True,0.46127294987980977,0.010979147508731224,0.785,4.3,0.2999999999999998,0.2999999999999998,0.44094038009643555,0.11120335757732391,0.007978439331054688,0.007978439331054688,0.00016163203690666705,0.20663116872310638,0.007981553673744202,1.4154907148622442e-05,-1.428768277168274,-0.28562131524086,0.4242836833000183
Residual PPO,1003,3.0,1.0,4.0,True,True,True,0.5426732642591009,0.015804825071467583,0.7825,4.3500000000000005,0.35000000000000053,0.35000000000000053,0.5310947299003601,0.15953369438648224,0.005248069763183594,0.005248069763183594,0.00015510972298216075,0.20808687806129456,0.005248927511274815,1.9425719074206427e-05,-1.7183640003204346,-0.48658838868141174,0.34840381145477295
Residual PPO,1004,3.0,1.0,4.0,True,True,True,0.615113724467441,0.01868175736250122,0.7775,4.45,0.4500000000000002,0.4500000000000002,0.5889798402786255,0.1909848153591156,0.0013027191162109375,0.0013027191162109375,0.000163887525559403,0.2196466475725174,0.0014246340142562985,2.0802310245926492e-05,-1.998679280281067,-0.7396973967552185,0.24154320359230042
Residual PPO,1005,3.0,1.0,4.0,True,True,True,0.6014072429466867,0.015531794618414602,0.78,4.4,0.40000000000000036,0.40000000000000036,0.5756721496582031,0.171873539686203,0.0029668807983398438,0.0029668807983398438,0.00015548252849839628,0.2114899903535843,0.002990111242979765,1.7108628526329994e-05,-1.8766711950302124,0.8611240983009338,0.28618520498275757
Residual PPO,1006,3.0,1.0,4.0,True,True,True,0.4355456374432516,0.004352897894319338,0.7875,4.25,0.25,0.25,0.35774531960487366,0.05889308825135231,0.0031175613403320312,0.0031175613403320312,0.0001585666905157268,0.19921085238456726,0.0031375319231301546,6.110279855420231e-07,-1.4946178197860718,0.20171388983726501,0.28934937715530396
Residual PPO,1007,3.0,1.0,4.0,True,True,True,0.6375358536781275,0.022891525813937573,0.77,4.6000000000000005,0.6000000000000005,0.6000000000000005,0.727173388004303,0.26244667172431946,0.006853580474853516,0.006853580474853516,0.0001696244435152039,0.23516038060188293,0.006854186300188303,2.0729559764731675e-05,-1.8931626081466675,0.6319606900215149,0.39287856221199036
Residual PPO,1008,3.0,1.0,4.0,True,True,True,0.5326811141017415,0.010053043586872413,0.785,4.3,0.2999999999999998,0.2999999999999998,0.47589659690856934,0.11753930896520615,0.0022096633911132812,0.0022096633911132812,0.00015105886268429458,0.19924937188625336,0.0022582211531698704,7.307527084776666e-06,-1.749120831489563,0.6261014938354492,0.26522985100746155
Residual PPO,1009,3.0,1.0,4.0,True,True,True,0.557011655166606,0.01428530831285859,0.7825,4.3500000000000005,0.35000000000000053,0.35000000000000053,0.5097675323486328,0.14714470505714417,0.0003266334533691406,0.0003266334533691406,0.00014630641089752316,0.19949737191200256,0.0007713019149377942,1.393540787830716e-05,-1.9152493476867676,-0.3461688160896301,0.2149554342031479
Residual PPO,1010,3.0,1.0,4.0,True,True,True,0.6528525045162834,0.029903204483245575,0.755,4.9,0.9000000000000004,0.9000000000000004,0.8879227638244629,0.36809080839157104,0.009710311889648438,0.009710311889648438,0.0001969678996829316,0.261564701795578,0.009719033725559711,3.8292258977890015e-05,-1.8575115203857422,0.07161146402359009,0.4753030240535736
Residual PPO,1011,3.0,1.0,4.0,True,True,True,0.45275234918409285,0.005345886663367597,0.7875,4.25,0.25,0.25,0.3776974380016327,0.07106141000986099,0.0021653175354003906,0.0021653175354003906,0.00015236141916830093,0.1935514658689499,0.002215878339484334,2.6003217499237508e-06,-1.57381272315979,0.12664707005023956,0.26378002762794495
Residual PPO,1012,3.0,1.0,4.0,True,True,True,0.4624915777572266,0.0037097284717927457,0.7875,4.25,0.25,0.25,0.3793729245662689,0.06325874477624893,0.002449512481689453,0.002449512481689453,0.00016143621178343892,0.20183418691158295,0.0024878480471670628,3.478857934169355e-06,-1.5405192375183105,0.561293363571167,0.2715309262275696
Residual PPO,1013,3.0,1.0,4.0,True,True,True,0.3152201995141476,0.011093410842500926,0.795,4.1000000000000005,0.10000000000000053,0.10000000000000053,0.22108890116214752,0.09206057339906693,0.00717926025390625,0.00717926025390625,6.680110527668148e-05,0.08725473284721375,0.007180469110608101,1.6061145288404077e-05,-0.8082606196403503,-0.8420410752296448,0.401797890663147
Residual PPO,1014,3.0,1.0,4.0,True,True,True,0.44811386383412943,0.011074974200727249,0.785,4.3,0.2999999999999998,0.2999999999999998,0.44583404064178467,0.1073032096028328,0.00954437255859375,0.00954437255859375,0.0001654660445638001,0.21249230206012726,0.009552571922540665,1.7524022041470744e-05,-1.3467140197753906,0.1714046150445938,0.4693894386291504
Residual PPO,1015,3.0,1.0,4.0,True,True,True,0.45818274753389254,0.008607211103432315,0.7875,4.25,0.25,0.25,0.42130398750305176,0.09288037568330765,0.006860256195068359,0.006860256195068359,0.00016067798424046487,0.20604725182056427,0.0068608978763222694,7.581839781778399e-06,-1.4601455926895142,0.21413566172122955,0.39239153265953064
Residual PPO,1016,3.0,1.0,4.0,True,True,True,0.49389711433133693,0.010161783670988814,0.785,4.3,0.2999999999999998,0.2999999999999998,0.4477543234825134,0.1120496615767479,0.003704547882080078,0.003704547882080078,0.0001489319110987708,0.1957947164773941,0.0037151318974792957,1.5077787793416064e-05,-1.6580126285552979,-0.11461202055215836,0.3060871958732605
Residual PPO,1017,3.0,1.0,4.0,True,True,True,0.2545929162550142,0.010629865218173756,0.8425,3.1500000000000004,0.0,0.0,0.16088680922985077,0.06847957521677017,0.010333061218261719,0.010333061218261719,3.9925886085256934e-05,0.06257478892803192,0.010344104841351509,6.385617780324537e-06,-0.62247234582901,0.6426637768745422,0.4917738139629364
Residual PPO,1018,3.0,1.0,4.0,True,True,True,0.35752892313382606,0.0102971612408586,0.79,4.2,0.20000000000000018,0.20000000000000018,0.2939121723175049,0.04454828426241875,0.009847879409790039,0.009847879409790039,0.00018397248641122133,0.23192642629146576,0.00931615848094225,1.0970303492285893e-06,-1.1090368032455444,-0.0900818482041359,0.4614541530609131
Residual PPO,1019,3.0,1.0,4.0,True,True,True,0.5137901515459347,0.013048365830742207,0.785,4.3,0.2999999999999998,0.2999999999999998,0.489571213722229,0.1353168487548828,0.004962921142578125,0.004962921142578125,0.0001497714256402105,0.2006767839193344,0.004964628256857395,1.0261151146551128e-05,-1.674609661102295,-0.20800989866256714,0.34006524085998535
Residual PPO,1020,3.0,1.0,4.0,True,True,True,0.3190288823917746,0.013235631310361057,0.7925,4.15,0.15000000000000036,0.15000000000000036,0.20025533437728882,0.08808644860982895,0.06257617473602295,0.06257617473602295,0.00016929475532379001,0.21409328281879425,0.0009258370264433324,6.4723240029707085e-06,-1.1319496631622314,-0.4326494336128235,0.2227078378200531
Residual PPO,1021,3.0,1.0,4.0,True,True,True,0.5342917706270656,0.02016520385485339,0.78,4.4,0.40000000000000036,0.40000000000000036,0.586866021156311,0.19125090539455414,0.010498046875,0.010498046875,0.00017540095723234117,0.22605560719966888,0.010509729385375977,2.0729805328301154e-05,-1.4384177923202515,-0.8382971882820129,0.49743902683258057
Residual PPO,1022,3.0,1.0,4.0,True,True,True,0.6836290521435546,0.02284748577570586,0.7625,4.75,0.75,0.75,0.7890450358390808,0.29615315794944763,0.006285667419433594,0.006285667419433594,0.00018777594959829003,0.24763202667236328,0.006285715848207474,1.8364435163675807e-05,-1.999210000038147,0.8368335366249084,0.37694433331489563
Residual PPO,1023,3.0,1.0,4.0,True,True,True,0.5407747062670274,0.017640246719633077,0.78,4.4,0.40000000000000036,0.40000000000000036,0.5801902413368225,0.17580005526542664,0.00965118408203125,0.00965118408203125,0.00016506880638189614,0.21986140310764313,0.009659724310040474,2.523283001210075e-05,-1.4916963577270508,0.8117974996566772,0.4728805720806122
Residual PPO,1024,3.0,1.0,4.0,True,True,True,0.46014982228367396,0.008133485854431709,0.7875,4.25,0.25,0.25,0.3922930359840393,0.0924595519900322,0.0038957595825195312,0.0038957595825195312,0.000159943854669109,0.1988670974969864,0.0039041873533278704,1.1782108231273014e-05,-1.51630699634552,-0.48329436779022217,0.3110935389995575
Residual PPO,1025,3.0,1.0,4.0,True,True,True,0.20746522858913985,0.005537448841900802,0.8575,2.85,0.0,0.0,0.08520155400037766,0.04026050865650177,0.0016012191772460938,0.0016012191772460938,3.9325801481027156e-05,0.05492113158106804,0.0016900907503440976,3.324996441733674e-06,-0.7683239579200745,0.258014976978302,0.24864348769187927
Residual PPO,1026,3.0,1.0,4.0,True,True,True,0.509133313498825,0.009919119783122203,0.785,4.3,0.2999999999999998,0.2999999999999998,0.4544021487236023,0.11130281537771225,0.0019512176513671875,0.0019512176513671875,0.00014498061500489712,0.19329693913459778,0.002013535238802433,8.987999535747804e-06,-1.7438942193984985,0.19023452699184418,0.2583710551261902
Residual PPO,1027,3.0,1.0,4.0,True,True,True,0.6322737514358626,0.022735057592538577,0.7675,4.65,0.6500000000000004,0.6500000000000004,0.7193803787231445,0.26146164536476135,0.006006717681884766,0.006006717681884766,0.0001687585754552856,0.23532603681087494,0.006006721407175064,2.4244696760433726e-05,-1.9580382108688354,0.12429128587245941,0.36954861879348755
Residual PPO,1028,3.0,1.0,4.0,True,True,True,0.23958808629307723,0.008850507870268176,0.8475,3.0500000000000003,0.0,0.0,0.14032922685146332,0.06179499253630638,0.007218360900878906,0.007218360900878906,4.52729691460263e-05,0.056915901601314545,0.007219632621854544,1.0188981832470745e-05,-0.7757433652877808,-0.22796711325645447,0.4025936424732208
Residual PPO,1029,3.0,1.0,4.0,True,True,True,0.2369102946765159,0.005674835046655256,0.8575,2.85,0.0,0.0,0.11589574068784714,0.04787250980734825,0.00034046173095703125,0.00034046173095703125,4.211720442981459e-05,0.05146240442991257,0.0007763464818708599,3.09956590172078e-06,-0.7448340058326721,0.6458722352981567,0.214758962392807
Residual PPO,1030,3.0,1.0,4.0,True,True,True,0.5938551796635877,0.023317642005384113,0.7775,4.45,0.4500000000000002,0.4500000000000002,0.6473789215087891,0.22280097007751465,0.0086517333984375,0.0086517333984375,0.00018146693764720112,0.23682546615600586,0.008656785823404789,2.3753827917971648e-05,-1.6447029113769531,-0.9496257901191711,0.4438457489013672
Residual PPO,1031,3.0,1.0,4.0,True,True,True,0.35983591902666967,0.007948203014270294,0.7975,4.05,0.04999999999999982,0.04999999999999982,0.23585672676563263,0.06482801586389542,0.007091522216796875,0.007091522216796875,6.436680268961936e-05,0.12303079664707184,0.007092536427080631,3.8240355024754535e-06,-0.9611496329307556,0.9009804725646973,0.39864641427993774
Residual PPO,1032,3.0,1.0,4.0,True,True,True,0.25975267911493394,0.011766218206172258,0.8,4.0,0.0,0.0,0.1803700476884842,0.07960359752178192,0.010575294494628906,0.010575294494628906,4.634563811123371e-05,0.06963329762220383,0.010587257333099842,8.250115570263006e-06,-0.6833899617195129,-0.5306191444396973,0.49894750118255615
Residual PPO,1033,3.0,1.0,4.0,True,True,True,0.30091039538862774,0.010778621661419659,0.8,4.0,0.0,0.0,0.18872861564159393,0.07571586966514587,0.009778022766113281,0.009778022766113281,4.6924200432840735e-05,0.07867779582738876,0.009787078946828842,1.7391486835549586e-05,-0.7577928304672241,0.7459949851036072,0.4761985242366791
Residual PPO,1034,3.0,1.0,4.0,True,True,True,0.20444945792957167,0.007148266406079717,0.8525,2.95,0.0,0.0,0.144008606672287,0.059810712933540344,0.0006475448608398438,0.0006475448608398438,4.880626511294395e-05,0.05701484903693199,0.000923566403798759,8.291506674140692e-06,-0.5296080112457275,-0.6777904629707336,0.22327283024787903
Residual PPO,1035,3.0,1.0,4.0,True,True,True,0.49923680326775643,0.01527155833124736,0.7825,4.3500000000000005,0.35000000000000053,0.35000000000000053,0.5162550806999207,0.1502046287059784,0.008410453796386719,0.008410453796386719,0.00015576508303638548,0.20810282230377197,0.0084147984161973,1.9939523554057814e-05,-1.5201642513275146,-0.23973245918750763,0.436818927526474
Residual PPO,1036,3.0,1.0,4.0,True,True,True,0.49537478206602253,0.00849326643058494,0.785,4.3,0.2999999999999998,0.2999999999999998,0.4462772309780121,0.10096445679664612,0.005285739898681641,0.005285739898681641,0.00016119606152642518,0.2064845710992813,0.00528651662170887,1.1089992767665535e-05,-1.558912754058838,0.6018440127372742,0.34900519251823425
Residual PPO,1037,3.0,1.0,4.0,True,True,True,0.479641970692492,0.011047023907176785,0.785,4.3,0.2999999999999998,0.2999999999999998,0.4483332931995392,0.11616946011781693,0.006502628326416016,0.006502628326416016,0.00015851132047828287,0.20328454673290253,0.006502844393253326,1.24372918435256e-05,-1.5164998769760132,-0.3818822205066681,0.38270920515060425
Residual PPO,1038,3.0,1.0,4.0,True,True,True,0.4853750825875019,0.00983195339723636,0.7875,4.25,0.25,0.25,0.4145047664642334,0.1098191887140274,0.0041637420654296875,0.0041637420654296875,0.00016892827989067882,0.20481716096401215,0.00416980218142271,7.196458227554103e-06,-1.5098652839660645,-0.8029577136039734,0.31811848282814026
Residual PPO,1039,3.0,1.0,4.0,True,True,True,0.20168668274233476,0.007433916381537579,0.86,2.8000000000000003,0.0,0.0,0.10729926824569702,0.050682008266448975,0.0059051513671875,0.0059051513671875,3.709663724293932e-05,0.05457356944680214,0.005905174650251865,1.2749888810503762e-05,-0.6960156559944153,-0.0387578122317791,0.3661683201789856
Residual PPO,1040,3.0,1.0,4.0,True,True,True,0.26292050271312445,0.008804897128352172,0.845,3.1,0.0,0.0,0.14746256172657013,0.06193403899669647,0.0076084136962890625,0.0076084136962890625,4.1801362385740504e-05,0.06031159684062004,0.0076105305925011635,1.0293441846442875e-05,-0.7547146081924438,0.5635512471199036,0.4134989380836487
Residual PPO,1041,3.0,1.0,4.0,True,True,True,0.2140910658350443,0.009965646008073311,0.855,2.9000000000000004,0.0,0.0,0.1348058581352234,0.06221335381269455,0.009401321411132812,0.009401321411132812,3.808561450568959e-05,0.05626041814684868,0.009409014135599136,1.5883890227996744e-05,-0.6478168964385986,-0.19675222039222717,0.46515655517578125
Residual PPO,1042,3.0,1.0,4.0,True,True,True,0.4528384162862314,0.00871327475096454,0.7875,4.25,0.25,0.25,0.4062342345714569,0.09358791261911392,0.006152629852294922,0.006152629852294922,0.00016013729327823967,0.2028944045305252,0.006152641959488392,9.074130502995104e-06,-1.463887333869934,-0.25558269023895264,0.3728010952472687
Residual PPO,1043,3.0,1.0,4.0,True,True,True,0.5630126534385502,0.015866984300984047,0.7825,4.3500000000000005,0.35000000000000053,0.35000000000000053,0.5325518250465393,0.16220764815807343,0.004200458526611328,0.004200458526611328,0.00016431693802587688,0.21271033585071564,0.00420628534629941,1.4216027921065688e-05,-1.7490100860595703,-0.7958716750144958,0.31946444511413574
Residual PPO,1044,3.0,1.0,4.0,True,True,True,0.5983194997645528,0.014252437883712393,0.78,4.4,0.40000000000000036,0.40000000000000036,0.5538544058799744,0.16114960610866547,0.00013256072998046875,0.00013256072998046875,0.0001490648865001276,0.2047564536333084,0.0007361610769294202,1.2009318197669927e-05,-1.981444239616394,0.7169352173805237,0.20961801707744598
Residual PPO,1045,3.0,1.0,4.0,True,True,True,0.24005315592897422,0.0094723267030759,0.8475,3.0500000000000003,0.0,0.0,0.15095113217830658,0.06732502579689026,0.007691383361816406,0.007691383361816406,4.542706301435828e-05,0.05832328274846077,0.007693704217672348,1.0075200407300144e-05,-0.7272861003875732,-0.39523494243621826,0.4158290922641754
Residual PPO,1046,3.0,1.0,4.0,True,True,True,0.6295286551979492,0.022843662756684986,0.77,4.6000000000000005,0.6000000000000005,0.6000000000000005,0.7144280076026917,0.2551327347755432,0.0069789886474609375,0.0069789886474609375,0.0001667153846938163,0.23278211057186127,0.006979792844504118,2.234275780210737e-05,-1.868130087852478,0.6265861392021179,0.39649125933647156
Residual PPO,1047,3.0,1.0,4.0,True,True,True,0.33325556411021995,0.010353138015525018,0.7925,4.15,0.15000000000000036,0.15000000000000036,0.22758594155311584,0.06029558554291725,0.04044699668884277,0.04044699668884277,0.00017365181702189147,0.21828775107860565,0.003483125241473317,2.7991982278763317e-06,-1.1699552536010742,-0.14992530643939972,0.29876548051834106
Residual PPO,1048,3.0,1.0,4.0,True,True,True,0.3462482759716487,0.010806345243563774,0.795,4.1000000000000005,0.10000000000000053,0.10000000000000053,0.2608684003353119,0.08006057143211365,0.010028839111328125,0.010028839111328125,7.399274909403175e-05,0.14641998708248138,0.010038764216005802,4.771426915795018e-07,-0.9076822996139526,-0.7630760073661804,0.4824531674385071
Residual PPO,1049,3.0,1.0,4.0,True,True,True,0.5306566884258467,0.01849235887732367,0.78,4.4,0.40000000000000036,0.40000000000000036,0.5750760436058044,0.18016907572746277,0.008286476135253906,0.008286476135253906,0.00015119760064408183,0.21172752976417542,0.00829041376709938,2.0536464944598265e-05,-1.6127384901046753,0.09402617067098618,0.43331217765808105
Residual PPO,1050,3.0,1.0,4.0,True,True,True,0.4337044563779244,0.011881739426458992,0.7875,4.25,0.25,0.25,0.43133115768432617,0.10860014706850052,0.010564804077148438,0.010564804077148438,0.00017309526447206736,0.21653954684734344,0.010576773434877396,1.0909616321441717e-05,-1.2507070302963257,-0.40418457984924316,0.49881017208099365
Residual PPO,1051,3.0,1.0,4.0,True,True,True,0.26391128256924545,0.007988424774464256,0.8425,3.1500000000000004,0.0,0.0,0.1607586145401001,0.0676339864730835,0.0019540786743164062,0.0019540786743164062,4.877279934589751e-05,0.06343347579240799,0.0020160572603344917,9.050469088833779e-06,-0.8433747291564941,-0.6024307608604431,0.2584548592567444
Residual PPO,1052,3.0,1.0,4.0,True,True,True,0.47186691674586106,0.0085112467537901,0.7875,4.25,0.25,0.25,0.42119359970092773,0.09698153287172318,0.004412651062011719,0.004412651062011719,0.00015248943236656487,0.1971239596605301,0.0044169798493385315,7.500325864384649e-06,-1.577463150024414,-0.03658809885382652,0.32490968704223633
Residual PPO,1053,3.0,1.0,4.0,True,True,True,0.24795030517279001,0.01024670595723288,0.845,3.1,0.0,0.0,0.15940934419631958,0.07045192271471024,0.008848190307617188,0.008848190307617188,4.6452772949123755e-05,0.06266584247350693,0.00885388720780611,6.242255039978772e-06,-0.7320424914360046,-0.38764455914497375,0.44851720333099365
Residual PPO,1054,3.0,1.0,4.0,True,True,True,0.6376297148670572,0.020995950602425286,0.7725,4.55,0.5499999999999998,0.5499999999999998,0.6896383166313171,0.24050618708133698,0.0051059722900390625,0.0051059722900390625,0.00016347281052730978,0.22838163375854492,0.005107251927256584,1.7118025425588712e-05,-1.9604523181915283,0.6108824014663696,0.3443475067615509
Residual PPO,1055,3.0,1.0,4.0,True,True,True,0.30564268825102875,0.01055269076931769,0.7975,4.05,0.04999999999999982,0.04999999999999982,0.21117906272411346,0.08858402818441391,0.006233692169189453,0.006233692169189453,6.568153185071424e-05,0.08251793682575226,0.006233727093786001,8.477119990857318e-06,-0.8035520911216736,-0.8197364807128906,0.37500709295272827
Residual PPO,1056,3.0,1.0,4.0,True,True,True,0.24793534862793132,0.0088692162416194,0.8,4.0,0.0,0.0,0.17594267427921295,0.07439086586236954,0.0048885345458984375,0.0048885345458984375,5.2918065193807706e-05,0.06825374066829681,0.004890467971563339,1.2034889550704975e-05,-0.6173267960548401,-0.7547652125358582,0.33817118406295776
Residual PPO,1057,3.0,1.0,4.0,True,True,True,0.4048856459065277,0.005143873192070262,0.79,4.2,0.20000000000000018,0.20000000000000018,0.32105109095573425,0.0496155321598053,0.0034322738647460938,0.0034322738647460938,0.00016339338617399335,0.2028961330652237,0.003446548944339156,2.9225302569102496e-06,-1.4013786315917969,-0.020997419953346252,0.2980625629425049
Residual PPO,1058,3.0,1.0,4.0,True,True,True,0.6297100976532203,0.02281230379919504,0.775,4.5,0.5,0.5,0.6678023934364319,0.23361444473266602,0.0050201416015625,0.0050201416015625,0.00017305806977674365,0.23478920757770538,0.005021640099585056,2.56948551395908e-05,-1.9344123601913452,-0.6835842132568359,0.34246277809143066
Residual PPO,1059,3.0,1.0,4.0,True,True,True,0.39644068284390604,0.007483233432629746,0.79,4.2,0.20000000000000018,0.20000000000000018,0.3130488395690918,0.062007199972867966,0.005569815635681152,0.005569815635681152,0.0001702412700979039,0.20899981260299683,0.004596091341227293,7.191816621343605e-06,-1.3239208459854126,-0.34795770049095154,0.3298633396625519
Residual PPO,1060,3.0,1.0,4.0,True,True,True,0.2622879582815404,0.01157593916186756,0.7975,4.05,0.04999999999999982,0.04999999999999982,0.1999511569738388,0.08547654747962952,0.009828567504882812,0.009828567504882812,5.1595990953501314e-05,0.0764455795288086,0.00983778852969408,1.638949106563814e-05,-0.5232435464859009,-0.8263487219810486,0.4775193929672241
Residual PPO,1061,3.0,1.0,4.0,True,True,True,0.3011684660276457,0.01270498573614724,0.7925,4.15,0.15000000000000036,0.15000000000000036,0.18062248826026917,0.069098562002182,0.05972433090209961,0.05972433090209961,0.00017358054174110293,0.22403813898563385,0.003152307588607073,1.0123421816388145e-05,-1.0766786336898804,0.09924349933862686,0.28927016258239746
Residual PPO,1062,3.0,1.0,4.0,True,True,True,0.35196310459645724,0.014173878573575622,0.7925,4.15,0.15000000000000036,0.15000000000000036,0.26282578706741333,0.08119586855173111,0.038807034492492676,0.038807034492492676,0.00019097882614005357,0.23740743100643158,0.00819484144449234,3.5428652154223528e-06,-1.020176649093628,-0.6513675451278687,0.4292861223220825
Residual PPO,1063,3.0,1.0,4.0,True,True,True,0.19987299875691378,0.005362414988268604,0.87,2.6,0.0,0.0,0.11410362273454666,0.046601202338933945,0.003108501434326172,0.003108501434326172,3.337632733746432e-05,0.049730684608221054,0.0031285383738577366,7.470802756870398e-06,-0.5567145943641663,0.6067063212394714,0.2895512878894806
Residual PPO,1064,3.0,1.0,4.0,True,True,True,0.45968232282995525,0.006570897688586245,0.7875,4.25,0.25,0.25,0.3843914866447449,0.08054247498512268,0.0013751983642578125,0.0013751983642578125,0.0001499457866884768,0.19015458226203918,0.0014877425273880363,7.333873782044975e-06,-1.6129041910171509,-0.13716638088226318,0.24278511106967926
Residual PPO,1065,3.0,1.0,4.0,True,True,True,0.2135635298262096,0.009843128830150922,0.845,3.1,0.0,0.0,0.1554633378982544,0.0674138069152832,0.009028434753417969,0.009028434753417969,4.2346327973064035e-05,0.059654612094163895,0.009034744463860989,6.956323431950295e-06,-0.5033138990402222,-0.5932050347328186,0.453745573759079
Residual PPO,1066,3.0,1.0,4.0,True,True,True,0.3821968866057275,0.0048352534697965925,0.79,4.2,0.20000000000000018,0.20000000000000018,0.26970425248146057,0.02955474890768528,0.02191406488418579,0.02191406488418579,0.00016367009084206074,0.20230495929718018,0.0007333890534937382,1.974515953406808e-06,-1.3762075901031494,0.32575497031211853,0.20805609226226807
Residual PPO,1067,3.0,1.0,4.0,True,True,True,0.2587101374736743,0.006415546654183319,0.82,3.6,0.0,0.0,0.16483034193515778,0.0641082301735878,0.0,0.0,4.3125051888637245e-05,0.06515439599752426,0.0007728232885710895,7.821305985089566e-07,-0.6176835894584656,0.9055254459381104,0.20151829719543457
Residual PPO,1068,3.0,1.0,4.0,True,True,True,0.23557681263540015,0.0057427962725213185,0.855,2.9000000000000004,0.0,0.0,0.10827844589948654,0.046322520822286606,0.0016636848449707031,0.0016636848449707031,4.258071567164734e-05,0.05689382180571556,0.0017468369333073497,5.593084097199608e-06,-0.7787961959838867,0.5352519750595093,0.25048118829727173
Residual PPO,1069,3.0,1.0,4.0,True,True,True,0.2329378471117667,0.005860677808122668,0.8425,3.1500000000000004,0.0,0.0,0.15521636605262756,0.060212600976228714,0.0015544891357421875,0.0015544891357421875,3.84220365958754e-05,0.06156454607844353,0.0016475114971399307,5.018633146391949e-06,-0.5076419115066528,0.8446078896522522,0.24751581251621246
Residual PPO,1070,3.0,1.0,4.0,True,True,True,0.5254016783767548,0.006267956788049398,0.785,4.3,0.2999999999999998,0.2999999999999998,0.4383385479450226,0.09278086572885513,0.0008692741394042969,0.0008692741394042969,0.00016584608238190413,0.2051052302122116,0.0010740874568000436,7.210744115582202e-06,-1.6644020080566406,0.9533751606941223,0.22921264171600342
Residual PPO,1071,3.0,1.0,4.0,True,True,True,0.5073570136721733,0.006607261018960951,0.785,4.3,0.2999999999999998,0.2999999999999998,0.4330804944038391,0.09150875359773636,0.0023741722106933594,0.0023741722106933594,0.00016043763025663793,0.20266659557819366,0.0024153965059667826,8.562856237404048e-06,-1.6379417181015015,0.7469041347503662,0.26974478363990784
Residual PPO,1072,3.0,1.0,4.0,True,True,True,0.4082044065720978,0.00829250212558425,0.7875,4.25,0.25,0.25,0.3658667206764221,0.0595361664891243,0.009438514709472656,0.009438514709472656,0.000181485345819965,0.22668808698654175,0.009446385316550732,1.4073977581574582e-05,-1.22187077999115,0.3675197660923004,0.4661308228969574
Residual PPO,1073,3.0,1.0,4.0,True,True,True,0.5126181571294172,0.009366268814228083,0.785,4.3,0.2999999999999998,0.2999999999999998,0.46710532903671265,0.10980761796236038,0.006414890289306641,0.006414890289306641,0.00017203322204295546,0.21581405401229858,0.006415025796741247,8.091975360002834e-06,-1.5133368968963623,0.8512749075889587,0.3800120949745178
Residual PPO,1074,3.0,1.0,4.0,True,True,True,0.1841990384864934,0.010205930774446556,0.8625,2.75,0.0,0.0,0.12844218313694,0.05824633687734604,0.010499000549316406,0.010499000549316406,3.576168819563463e-05,0.054845720529556274,0.01051062997430563,2.0614634195226245e-06,-0.5001789927482605,-0.2884053587913513,0.4962819218635559
Residual PPO,1075,3.0,1.0,4.0,True,True,True,0.3077446589196887,0.0072184114125132095,0.8,4.0,0.0,0.0,0.1794649064540863,0.07006139308214188,0.0012459754943847656,0.0012459754943847656,5.2410025091376156e-05,0.07207641750574112,0.001376428408548236,3.817236120084999e-06,-0.8189709782600403,0.9466501474380493,0.23914383351802826
Residual PPO,1076,3.0,1.0,4.0,True,True,True,0.4932662695501414,0.014608598006275175,0.785,4.3,0.2999999999999998,0.2999999999999998,0.4993387460708618,0.14398881793022156,0.008970260620117188,0.008970260620117188,0.00016505956591572613,0.2118120938539505,0.008976436220109463,1.9504646843415685e-05,-1.445397138595581,-0.562984049320221,0.45283621549606323
Residual PPO,1077,3.0,1.0,4.0,True,True,True,0.2654990244901755,0.009196728496909994,0.7975,4.05,0.04999999999999982,0.04999999999999982,0.19454964995384216,0.08063669502735138,0.0023603439331054688,0.0023603439331054688,5.890633838134818e-05,0.07611045986413956,0.0024020837154239416,9.445767318538856e-06,-0.6151338219642639,-0.8893533945083618,0.2694230377674103
Residual PPO,1078,3.0,1.0,4.0,True,True,True,0.2310614092134118,0.0077592985150697685,0.845,3.1,0.0,0.0,0.15549694001674652,0.06514350324869156,0.0010700225830078125,0.0010700225830078125,5.4350712161976844e-05,0.0681757777929306,0.0012297529028728604,7.663869837415405e-06,-0.6580581068992615,-0.6858707666397095,0.23459486663341522
Residual PPO,1079,3.0,1.0,4.0,True,True,True,0.2823347504047526,0.011061780152182907,0.8,4.0,0.0,0.0,0.19193832576274872,0.07885317504405975,0.010272979736328125,0.010272979736328125,4.492502557695843e-05,0.07423024624586105,0.010283739306032658,1.8000260979533778e-06,-0.5874135494232178,0.8651593327522278,0.4896434247493744
Residual PPO,1080,3.0,1.0,4.0,True,True,True,0.24603412193251883,0.007588813778007296,0.85,3.0,0.0,0.0,0.1458597332239151,0.06015535816550255,0.005972385406494141,0.005972385406494141,3.8559512177016586e-05,0.057118009775877,0.0059723942540585995,4.661138063966064e-06,-0.6397119164466858,0.7102972865104675,0.367546945810318
Residual PPO,1081,3.0,1.0,4.0,True,True,True,0.4344990363716196,0.0046414680871172025,0.79,4.2,0.20000000000000018,0.20000000000000018,0.3283463716506958,0.03602069243788719,0.010783553123474121,0.010783553123474121,0.00018652407743502408,0.22454778850078583,0.003561368677765131,6.4974574343068525e-06,-1.3320256471633911,0.8601993322372437,0.3006768822669983
Residual PPO,1082,3.0,1.0,4.0,True,True,True,0.2779682465388039,0.006140749725877194,0.8275,3.45,0.0,0.0,0.1629067212343216,0.05318741500377655,0.003940105438232422,0.003940105438232422,4.496267138165422e-05,0.08761623501777649,0.003948223311454058,3.098820116065326e-06,-0.9581221342086792,-0.30673766136169434,0.3117980659008026
Residual PPO,1083,3.0,1.0,4.0,True,True,True,0.40947142903074724,0.003460657623333695,0.79,4.2,0.20000000000000018,0.20000000000000018,0.2949245572090149,0.017645027488470078,0.017145097255706787,0.017145097255706787,0.00017037498764693737,0.20794977247714996,0.0008017276995815337,1.9804310795734636e-06,-1.3940625190734863,0.6289385557174683,0.21643398702144623
Residual PPO,1084,3.0,1.0,4.0,True,True,True,0.3088960414302163,0.011513483338797065,0.795,4.1000000000000005,0.10000000000000053,0.10000000000000053,0.2228752076625824,0.09475782513618469,0.0073699951171875,0.0073699951171875,6.328260496957228e-05,0.0853470042347908,0.00737158814445138,1.5531404642388225e-05,-0.7371216416358948,-0.8951173424720764,0.4071005880832672
Residual PPO,1085,3.0,1.0,4.0,True,True,True,0.2208289436992094,0.00876146188571549,0.8525,2.95,0.0,0.0,0.1254483461380005,0.05774015933275223,0.007618904113769531,0.007618904113769531,3.955014835810289e-05,0.05637222155928612,0.007621058728545904,1.0192858098889701e-05,-0.7224554419517517,-0.08529454469680786,0.4138740301132202
Residual PPO,1086,3.0,1.0,4.0,True,True,True,0.28617545387230015,0.0111108022838379,0.7975,4.05,0.04999999999999982,0.04999999999999982,0.19791942834854126,0.08481911569833755,0.008502006530761719,0.008502006530761719,5.660141687258147e-05,0.07709793746471405,0.008506608195602894,8.901787623472046e-06,-0.7490203976631165,-0.7008727788925171,0.4387705326080322
Residual PPO,1087,3.0,1.0,4.0,True,True,True,0.4240066504104616,0.010574487443461244,0.79,4.2,0.20000000000000018,0.20000000000000018,0.33106327056884766,0.09421536326408386,0.015450239181518555,0.015450239181518555,0.00018373772036284208,0.21663478016853333,0.004519761074334383,1.194859919451119e-06,-1.2718281745910645,-0.8616007566452026,0.3274095356464386
Residual PPO,1088,3.0,1.0,4.0,True,True,True,0.43153496856415285,0.012493591250699656,0.7875,4.25,0.25,0.25,0.36592209339141846,0.10189284384250641,0.009259223937988281,0.009259223937988281,0.0001960707304533571,0.23234698176383972,0.009266459383070469,7.874592483858578e-06,-1.148199200630188,-0.9221230149269104,0.4605681300163269
Residual PPO,1089,3.0,1.0,4.0,True,True,True,0.6131199534136367,0.021412540933747434,0.775,4.5,0.5,0.5,0.670046329498291,0.22963443398475647,0.006366252899169922,0.006366252899169922,0.00015916007396299392,0.22493690252304077,0.006366346031427383,1.7812990336096846e-05,-1.8535881042480469,0.5890284776687622,0.37915652990341187
Residual PPO,1090,3.0,1.0,4.0,True,True,True,0.3143380018275735,0.006989648722712552,0.7975,4.05,0.04999999999999982,0.04999999999999982,0.2037399560213089,0.06996744126081467,0.0035004615783691406,0.0035004615783691406,5.307954779709689e-05,0.10342581570148468,0.003513789502903819,5.955778760835528e-06,-0.9845758080482483,-0.6573527455329895,0.30003631114959717
Residual PPO,1091,3.0,1.0,4.0,True,True,True,0.6205860055445321,0.022955635054770045,0.775,4.5,0.5,0.5,0.6630890369415283,0.23111306130886078,0.005700588226318359,0.005700588226318359,0.00017223697795998305,0.23396840691566467,0.005700740031898022,2.706111263250932e-05,-1.8845704793930054,-0.6914018392562866,0.36124923825263977
Residual PPO,1092,3.0,1.0,4.0,True,True,True,0.6104382608181831,0.020494852727373225,0.775,4.5,0.5,0.5,0.6363447308540344,0.2156609147787094,0.003923892974853516,0.003923892974853516,0.0001571873144712299,0.22191376984119415,0.003932138904929161,2.443065750412643e-05,-1.9696727991104126,-0.2278679758310318,0.31251582503318787
Residual PPO,1093,3.0,1.0,4.0,True,True,True,0.2727962553368855,0.008585965728861953,0.8275,3.45,0.0,0.0,0.16606388986110687,0.05521295219659805,0.008185386657714844,0.008185386657714844,4.346759305917658e-05,0.08742918819189072,0.008189084939658642,1.1943726349272765e-05,-0.8791002631187439,0.07968070358037949,0.43002596497535706
Residual PPO,1094,3.0,1.0,4.0,True,True,True,0.2732854316996223,0.0074500892834532114,0.8375,3.25,0.0,0.0,0.16191600263118744,0.06512027233839035,0.0016932487487792969,0.0016932487487792969,4.670843554777093e-05,0.06829791516065598,0.0017737444723024964,8.681787221576087e-06,-0.9031349420547485,-0.5643354058265686,0.2514164447784424
Residual PPO,1095,3.0,1.0,4.0,True,True,True,0.38577139052653053,0.007938307232772387,0.79,4.2,0.20000000000000018,0.20000000000000018,0.29232534766197205,0.06211045756936073,0.0159529447555542,0.0159529447555542,0.00017007914721034467,0.2076597958803177,0.0033241568598896265,3.8056930407037726e-06,-1.3096781969070435,-0.4019305408000946,0.2943161725997925
Residual PPO,1096,3.0,1.0,4.0,True,True,True,0.23123193381988458,0.005892504679862831,0.85,3.0,0.0,0.0,0.14538583159446716,0.05727450177073479,0.002502918243408203,0.002502918243408203,3.752922566491179e-05,0.05756821855902672,0.0025394761469215155,1.4646554973296588e-06,-0.5565752387046814,0.7886120080947876,0.27283963561058044
Residual PPO,1097,3.0,1.0,4.0,True,True,True,0.36887813595641294,0.006520471663855387,0.79,4.2,0.20000000000000018,0.20000000000000018,0.2687239348888397,0.039174634963274,0.020673751831054688,0.020673751831054688,0.00016783789033070207,0.20816712081432343,0.0025804038159549236,8.604281902080402e-06,-1.3080552816390991,0.037033263593912125,0.27344202995300293
Residual PPO,1098,3.0,1.0,4.0,True,True,True,0.4062911175486207,0.00982189450651656,0.7875,4.25,0.25,0.25,0.37510743737220764,0.07940399646759033,0.009748458862304688,0.009748458862304688,0.00017648223729338497,0.21996180713176727,0.009757316671311855,8.115480909509643e-07,-1.2224541902542114,-0.25077617168426514,0.4742331802845001
Residual PPO,1099,3.0,1.0,4.0,True,True,True,0.6146803575902924,0.022395249167175845,0.7725,4.55,0.5499999999999998,0.5499999999999998,0.6857455372810364,0.24241997301578522,0.006021976470947266,0.006021976470947266,0.00016107768169604242,0.2287820279598236,0.006021978799253702,2.2114980311016552e-05,-1.9130916595458984,0.09447009861469269,0.36984628438949585
